Circle 0.0 0.0 1.0 0.0 0.0 1.073741824E10 
Circle 0.0 1.0 0.0 -7.17225984E8 -8.72415232E8 2.5165824E8 
Circle 0.0 1.0 0.0 -6.24951296E8 -9.26941184E8 2.5165824E8 
Circle 0.0 1.0 0.0 -4.97025024E8 -9.37426944E8 2.5165824E8 
Circle 0.0 1.0 0.0 -4.15236096E8 -8.912896E8 2.5165824E8 
Circle 0.0 1.0 0.0 -2.64241152E8 -8.82900992E8 2.5165824E8 
Circle 0.0 1.0 0.0 -1.50994944E8 -8.84998144E8 2.5165824E8 
Circle 0.0 1.0 0.0 -2097152.0 -8.95483904E8 2.5165824E8 
Circle 0.0 1.0 0.0 1.44703488E8 -8.87095296E8 2.5165824E8 
Circle 0.0 1.0 0.0 -4.70810624E8 -3.84827392E8 1.1534336E8 
Circle 0.0 1.0 0.0 -3.4603008E8 -3.00941312E8 2.3068672E8 
Circle 0.0 1.0 0.0 -3.5127296E8 -4.58227712E8 2.3068672E8 
Circle 0.0 1.0 0.0 -2.47463936E8 -4.15236096E8 2.3068672E8 
Circle 0.0 1.0 0.0 -2.00278016E8 -6.10271232E8 2.3068672E8 
Circle 0.0 1.0 0.0 -3.37641472E8 -6.21805568E8 2.3068672E8 
Circle 0.0 1.0 0.0 -4.73956352E8 -6.1341696E8 2.3068672E8 
Circle 0.0 1.0 0.0 -5.12753664E8 -5.2953088E8 2.3068672E8 
Circle 0.0 1.0 0.0 -5.33725184E8 -4.0894464E8 2.3068672E8 
Circle 0.0 1.0 0.0 -5.69376768E8 -2.9884416E8 2.3068672E8 
Circle 0.0 1.0 0.0 -5.01219328E8 -2.34881024E8 2.3068672E8 
Circle 0.0 1.0 0.0 -3.96361728E8 -1.75112192E8 2.3068672E8 
Circle 0.0 1.0 0.0 -8.8080384E7 -6.1341696E8 2.3068672E8 
Circle 0.0 1.0 0.0 -1.80355072E8 -5.1380224E8 2.3068672E8 
Circle 0.0 1.0 0.0 -5.68328192E8 -6.95205888E8 2.3068672E8 
Circle 0.0 1.0 0.0 -4.5613056E8 -7.16177408E8 2.3068672E8 
Circle 0.0 1.0 0.0 -3.26107136E8 -7.30857472E8 2.3068672E8 
Circle 0.0 1.0 0.0 -2.0447232E8 -7.1827456E8 2.3068672E8 
Circle 0.0 1.0 0.0 -8.388608E7 -7.06740224E8 2.3068672E8 
Circle 0.0 1.0 0.0 1.7825792E7 -6.54311424E8 2.3068672E8 
Circle 0.0 1.0 0.0 1.40509184E8 -5.79862528E8 2.3068672E8 
Circle 0.0 1.0 0.0 1.43654912E8 -6.94157312E8 2.3068672E8 
Circle 0.0 1.0 0.0 7.1303168E7 -7.1827456E8 2.3068672E8 
Circle 0.0 1.0 0.0 -6.48019968E8 -6.12368384E8 2.3068672E8 
Circle 0.0 1.0 0.0 -6.54311424E8 -5.15899392E8 2.3068672E8 
Circle 0.0 1.0 0.0 -7.17225984E8 -3.91118848E8 2.3068672E8 
Circle 0.0 1.0 0.0 -7.36100352E8 -5.33725184E8 2.3068672E8 
Circle 0.0 1.0 0.0 -7.38197504E8 -6.56408576E8 2.3068672E8 
Circle 0.0 1.0 0.0 -6.91011584E8 -7.4448896E8 2.3068672E8 
Circle 0.0 1.0 0.0 -5.68328192E8 -7.92723456E8 2.3068672E8 
Circle 0.0 1.0 0.0 -7.03594496E8 -2.63192576E8 2.3068672E8 
Circle 1.0 1.0 0.0 -6.84720128E8 -6.1341696E8 8.388608E7 
Circle 1.0 1.0 0.0 -6.91011584E8 -5.70425344E8 8.388608E7 
Circle 1.0 1.0 0.0 -6.95205888E8 -5.22190848E8 8.388608E7 
Circle 1.0 1.0 0.0 -7.01497344E8 -5.0855936E8 8.388608E7 
Circle 0.54509807 0.27058825 0.07450981 -6.64797184E8 -4.78150656E8 3.145728E7 
Circle 0.54509807 0.27058825 0.07450981 -6.56408576E8 -4.91782144E8 3.145728E7 
Circle 0.54509807 0.27058825 0.07450981 -6.5011712E8 -5.10656512E8 3.145728E7 
Circle 0.54509807 0.27058825 0.07450981 -6.48019968E8 -5.33725184E8 3.145728E7 
Circle 0.54509807 0.27058825 0.07450981 -6.48019968E8 -5.56793856E8 3.145728E7 
Circle 0.54509807 0.27058825 0.07450981 -6.3963136E8 -5.88251136E8 3.145728E7 
Circle 0.54509807 0.27058825 0.07450981 -6.40679936E8 -5.73571072E8 3.145728E7 
Circle 0.54509807 0.27058825 0.07450981 -6.33339904E8 -6.09222656E8 3.145728E7 
Circle 0.54509807 0.27058825 0.07450981 -6.31242752E8 -6.28097024E8 3.145728E7 
Circle 0.54509807 0.27058825 0.07450981 -6.30194176E8 -6.40679936E8 3.145728E7 
Circle 0.54509807 0.27058825 0.07450981 -6.49068544E8 -6.53262848E8 3.145728E7 
Circle 0.54509807 0.27058825 0.07450981 -6.70040064E8 -6.6060288E8 3.145728E7 
Circle 0.54509807 0.27058825 0.07450981 -7.09885952E8 -6.6584576E8 3.145728E7 
Circle 0.54509807 0.27058825 0.07450981 -6.91011584E8 -6.7108864E8 3.145728E7 
Circle 0.54509807 0.27058825 0.07450981 -7.06740224E8 -6.49068544E8 3.145728E7 
Circle 0.54509807 0.27058825 0.07450981 -7.21420288E8 -6.33339904E8 3.145728E7 
Circle 0.54509807 0.27058825 0.07450981 -7.26663168E8 -6.1341696E8 3.145728E7 
Circle 0.54509807 0.27058825 0.07450981 -7.36100352E8 -5.86153984E8 3.145728E7 
Circle 0.54509807 0.27058825 0.07450981 -7.41343232E8 -5.65182464E8 3.145728E7 
Circle 0.54509807 0.27058825 0.07450981 -7.38197504E8 -5.48405248E8 3.145728E7 
Circle 0.54509807 0.27058825 0.07450981 -7.38197504E8 -5.36870912E8 3.145728E7 
Circle 0.54509807 0.27058825 0.07450981 -7.37148928E8 -5.15899392E8 3.145728E7 
Circle 0.54509807 0.27058825 0.07450981 -7.3924608E8 -5.01219328E8 3.145728E7 
Circle 0.54509807 0.27058825 0.07450981 -7.37148928E8 -4.83393536E8 3.145728E7 
Circle 0.54509807 0.27058825 0.07450981 -7.22468864E8 -4.72907776E8 3.145728E7 
Circle 0.54509807 0.27058825 0.07450981 -7.17225984E8 -4.69762048E8 3.145728E7 
Circle 0.54509807 0.27058825 0.07450981 -6.99400192E8 -4.64519168E8 3.145728E7 
Circle 0.54509807 0.27058825 0.07450981 -6.63748608E8 -4.83393536E8 3.145728E7 
Circle 0.54509807 0.27058825 0.07450981 -6.9730304E8 -4.58227712E8 3.145728E7 
Circle 0.54509807 0.27058825 0.07450981 -7.0254592E8 -4.5088768E8 3.145728E7 
Circle 0.54509807 0.27058825 0.07450981 -6.82622976E8 -4.67664896E8 3.145728E7 
Circle 0.54509807 0.27058825 0.07450981 -7.10934528E8 -4.33061888E8 3.145728E7 
Circle 0.54509807 0.27058825 0.07450981 -7.14080256E8 -4.07896064E8 3.145728E7 
Circle 0.54509807 0.27058825 0.07450981 -7.22468864E8 -4.54033408E8 3.145728E7 
Circle 0.54509807 0.27058825 0.07450981 -6.75282944E8 -6.79477248E8 3.145728E7 
Circle 0.54509807 0.27058825 0.07450981 -6.7633152E8 -6.93108736E8 3.145728E7 
Circle 0.54509807 0.27058825 0.07450981 -6.8681728E8 -6.98351616E8 3.145728E7 
Circle 0.54509807 0.27058825 0.07450981 -7.05691648E8 -7.14080256E8 3.145728E7 
Circle 0.54509807 0.27058825 0.07450981 -7.36100352E8 -7.45537536E8 3.145728E7 
Circle 0.54509807 0.27058825 0.07450981 -7.38197504E8 -7.68606208E8 3.145728E7 
Circle 0.54509807 0.27058825 0.07450981 -7.43440384E8 -7.88529152E8 3.145728E7 
Circle 0.54509807 0.27058825 0.07450981 -7.48683264E8 -8.04257792E8 3.145728E7 
Circle 0.54509807 0.27058825 0.07450981 -7.4973184E8 -8.24180736E8 3.145728E7 
Circle 0.54509807 0.27058825 0.07450981 -7.4973184E8 -8.5458944E8 3.145728E7 
Circle 0.54509807 0.27058825 0.07450981 -7.41343232E8 -8.93386752E8 3.145728E7 
Circle 0.54509807 0.27058825 0.07450981 -7.26663168E8 -9.20649728E8 3.145728E7 
Circle 0.54509807 0.27058825 0.07450981 -7.17225984E8 -9.36378368E8 3.145728E7 
Circle 0.54509807 0.27058825 0.07450981 -6.95205888E8 -9.51058432E8 3.145728E7 
Circle 0.54509807 0.27058825 0.07450981 -6.79477248E8 -9.58398464E8 3.145728E7 
Circle 0.54509807 0.27058825 0.07450981 -6.68991488E8 -9.62592768E8 3.145728E7 
Circle 0.54509807 0.27058825 0.07450981 -6.48019968E8 -9.699328E8 3.145728E7 
Circle 0.54509807 0.27058825 0.07450981 -6.28097024E8 -9.74127104E8 3.145728E7 
Circle 0.54509807 0.27058825 0.07450981 -5.85105408E8 -9.74127104E8 3.145728E7 
Circle 0.54509807 0.27058825 0.07450981 -5.5574528E8 -9.76224256E8 3.145728E7 
Circle 0.54509807 0.27058825 0.07450981 -6.07125504E8 -9.68884224E8 3.145728E7 
Circle 0.54509807 0.27058825 0.07450981 -5.14850816E8 -9.65738496E8 3.145728E7 
Circle 0.54509807 0.27058825 0.07450981 -4.75004928E8 -9.57349888E8 3.145728E7 
Circle 0.54509807 0.27058825 0.07450981 -4.60324864E8 -9.52107008E8 3.145728E7 
Circle 0.54509807 0.27058825 0.07450981 -4.22576128E8 -9.40572672E8 3.145728E7 
Circle 0.54509807 0.27058825 0.07450981 -3.68050176E8 -9.19601152E8 3.145728E7 
Circle 0.54509807 0.27058825 0.07450981 -3.27155712E8 -9.11212544E8 3.145728E7 
Circle 0.54509807 0.27058825 0.07450981 -3.1981568E8 -9.1226112E8 3.145728E7 
Circle 0.54509807 0.27058825 0.07450981 -2.60046848E8 -9.10163968E8 3.145728E7 
Circle 0.54509807 0.27058825 0.07450981 -1.98180864E8 -9.05969664E8 3.145728E7 
Circle 0.54509807 0.27058825 0.07450981 -1.27926272E8 -9.02823936E8 3.145728E7 
Circle 0.54509807 0.27058825 0.07450981 -1.12197632E8 -9.05969664E8 3.145728E7 
Circle 0.54509807 0.27058825 0.07450981 -8.912896E7 -9.13309696E8 3.145728E7 
Circle 0.54509807 0.27058825 0.07450981 -4.0894464E7 -9.17504E8 3.145728E7 
Circle 0.54509807 0.27058825 0.07450981 2.5165824E7 -9.26941184E8 3.145728E7 
Circle 0.54509807 0.27058825 0.07450981 8.8080384E7 -9.23795456E8 3.145728E7 
Circle 0.0 0.0 1.0 -6.4487424E8 -8.46200832E8 3.145728E7 
Circle 0.0 0.0 1.0 -6.30194176E8 -8.43055104E8 3.145728E7 
Circle 0.0 0.0 1.0 -6.1341696E8 -8.43055104E8 3.145728E7 
Circle 0.0 0.0 1.0 -6.30194176E8 -8.29423616E8 3.145728E7 
Circle 0.0 0.0 1.0 -6.45922816E8 -8.35715072E8 3.145728E7 
Circle 0.0 0.0 1.0 -6.33339904E8 -8.58783744E8 3.145728E7 
Circle 0.0 0.0 1.0 -6.09222656E8 -8.57735168E8 3.145728E7 
Circle 0.0 0.0 1.0 -5.90348288E8 -8.46200832E8 3.145728E7 
Circle 0.0 0.0 1.0 -5.94542592E8 -8.34666496E8 3.145728E7 
Circle 0.0 0.0 1.0 -6.06076928E8 -8.25229312E8 3.145728E7 
Circle 0.54509807 0.27058825 0.07450981 -7.26663168E8 -7.22468864E8 3.145728E7 
Circle 0.54509807 0.27058825 0.07450981 -7.24566016E8 -7.30857472E8 3.145728E7 
Circle 0.54509807 0.27058825 0.07450981 -7.5497472E8 -8.39909376E8 3.145728E7 
Circle 0.54509807 0.27058825 0.07450981 -7.52877568E8 -8.61929472E8 3.145728E7 
Circle 0.54509807 0.27058825 0.07450981 -7.48683264E8 -8.84998144E8 3.145728E7 
Circle 0.54509807 0.27058825 0.07450981 -7.45537536E8 -8.9653248E8 3.145728E7 
Circle 0.54509807 0.27058825 0.07450981 -7.25614592E8 -9.25892608E8 3.145728E7 
Circle 0.54509807 0.27058825 0.07450981 -5.38968064E8 -9.74127104E8 3.145728E7 
Circle 0.54509807 0.27058825 0.07450981 -4.95976448E8 -9.65738496E8 3.145728E7 
Circle 0.54509807 0.27058825 0.07450981 -4.36207616E8 -9.50009856E8 3.145728E7 
Circle 0.54509807 0.27058825 0.07450981 -4.13138944E8 -9.3847552E8 3.145728E7 
Circle 0.54509807 0.27058825 0.07450981 -3.97410304E8 -9.30086912E8 3.145728E7 
Circle 0.54509807 0.27058825 0.07450981 -3.8273024E8 -9.2798976E8 3.145728E7 
Circle 0.54509807 0.27058825 0.07450981 -3.49175808E8 -9.18552576E8 3.145728E7 
Circle 0.54509807 0.27058825 0.07450981 -3.01989888E8 -9.1226112E8 3.145728E7 
Circle 0.54509807 0.27058825 0.07450981 -2.76824064E8 -9.1226112E8 3.145728E7 
Circle 0.54509807 0.27058825 0.07450981 -2.48512512E8 -9.10163968E8 3.145728E7 
Circle 0.54509807 0.27058825 0.07450981 -2.27540992E8 -9.0701824E8 3.145728E7 
Circle 0.54509807 0.27058825 0.07450981 -2.13909504E8 -9.03872512E8 3.145728E7 
Circle 0.54509807 0.27058825 0.07450981 -1.84549376E8 -9.08066816E8 3.145728E7 
Circle 0.54509807 0.27058825 0.07450981 -1.6252928E8 -9.03872512E8 3.145728E7 
Circle 0.54509807 0.27058825 0.07450981 -1.50994944E8 -9.03872512E8 3.145728E7 
Circle 0.54509807 0.27058825 0.07450981 -6.0817408E7 -9.18552576E8 3.145728E7 
Circle 0.54509807 0.27058825 0.07450981 -7.86432E7 -9.19601152E8 3.145728E7 
Circle 0.54509807 0.27058825 0.07450981 -2.7262976E7 -9.19601152E8 3.145728E7 
Circle 0.54509807 0.27058825 0.07450981 7340032.0 -9.25892608E8 3.145728E7 
Circle 0.54509807 0.27058825 0.07450981 -1.4680064E7 -9.2274688E8 3.145728E7 
Circle 0.54509807 0.27058825 0.07450981 4.5088768E7 -9.19601152E8 3.145728E7 
Circle 0.54509807 0.27058825 0.07450981 5.9768832E7 -9.2798976E8 3.145728E7 
Circle 0.54509807 0.27058825 0.07450981 7.6546048E7 -9.23795456E8 3.145728E7 
Circle 0.54509807 0.27058825 0.07450981 1.01711872E8 -9.24844032E8 3.145728E7 
Circle 0.54509807 0.27058825 0.07450981 1.19537664E8 -9.24844032E8 3.145728E7 
Circle 0.54509807 0.27058825 0.07450981 1.49946368E8 -9.23795456E8 3.145728E7 
Circle 0.54509807 0.27058825 0.07450981 1.34217728E8 -9.24844032E8 3.145728E7 
Circle 0.54509807 0.27058825 0.07450981 1.66723584E8 -9.25892608E8 3.145728E7 
Circle 0.54509807 0.27058825 0.07450981 1.87695104E8 -9.25892608E8 3.145728E7 
Circle 0.54509807 0.27058825 0.07450981 2.10763776E8 -9.25892608E8 3.145728E7 
Circle 0.0 0.5019608 0.0 -4.33061888E8 -8.09500672E8 3.145728E7 
Circle 0.0 0.5019608 0.0 -4.26770432E8 -8.04257792E8 7.340032E7 
Circle 0.0 0.5019608 0.0 -3.43932928E8 -7.97966336E8 7.340032E7 
Circle 0.0 0.5019608 0.0 -3.80633088E8 -8.4934656E8 7.340032E7 
Circle 0.0 0.5019608 0.0 -2.9360128E8 -8.51443712E8 7.340032E7 
Circle 0.0 0.5019608 0.0 -2.48512512E8 -8.01112064E8 7.340032E7 
Circle 0.0 0.5019608 0.0 -3.90070272E8 -7.85383424E8 7.340032E7 
Circle 0.0 0.5019608 0.0 -3.37641472E8 -8.58783744E8 7.340032E7 
Circle 0.0 0.5019608 0.0 -3.05135616E8 -8.11597824E8 7.340032E7 
Circle 0.0 0.5019608 0.0 -4.68713472E8 -7.7070336E8 7.340032E7 
Circle 0.0 0.5019608 0.0 -4.33061888E8 -7.56023296E8 7.340032E7 
Circle 0.0 0.5019608 0.0 -5.17996544E8 -7.66509056E8 7.340032E7 
Circle 0.0 0.5019608 0.0 -5.8195968E8 -7.61266176E8 7.340032E7 
Circle 0.0 0.5019608 0.0 -6.30194176E8 -7.71751936E8 5.24288E7 
Circle 0.0 0.5019608 0.0 -6.67942912E8 -7.82237696E8 4.194304E7 
Circle 0.0 0.5019608 0.0 -6.8681728E8 -8.01112064E8 4.194304E7 
Circle 0.0 0.5019608 0.0 -6.95205888E8 -8.27326464E8 4.194304E7 
Circle 0.0 0.5019608 0.0 -7.01497344E8 -8.58783744E8 4.194304E7 
Circle 0.0 0.5019608 0.0 -6.9206016E8 -8.82900992E8 3.145728E7 
Circle 0.0 0.5019608 0.0 -6.68991488E8 -8.94435328E8 3.145728E7 
Circle 0.0 0.5019608 0.0 -6.51165696E8 -9.02823936E8 3.145728E7 
Circle 0.0 0.5019608 0.0 -6.3438848E8 -9.11212544E8 3.145728E7 
Circle 0.0 0.5019608 0.0 -6.16562688E8 -9.13309696E8 3.145728E7 
Circle 0.0 0.5019608 0.0 -5.93494016E8 -9.10163968E8 3.145728E7 
Circle 0.0 0.5019608 0.0 -5.80911104E8 -9.08066816E8 3.145728E7 
Circle 0.0 0.5019608 0.0 -5.6098816E8 -8.95483904E8 3.145728E7 
Circle 0.0 0.5019608 0.0 -5.47356672E8 -8.76609536E8 3.145728E7 
Circle 0.0 0.5019608 0.0 -5.41065216E8 -8.53540864E8 3.145728E7 
Circle 0.0 0.5019608 0.0 -5.43162368E8 -8.36763648E8 3.145728E7 
Circle 0.0 0.5019608 0.0 -5.46308096E8 -8.11597824E8 3.145728E7 
Circle 0.0 0.5019608 0.0 -5.58891008E8 -7.92723456E8 3.145728E7 
Circle 0.0 0.5019608 0.0 -5.28482304E8 -8.0216064E8 3.145728E7 
Circle 0.0 0.5019608 0.0 -5.23239424E8 -8.27326464E8 3.145728E7 
Circle 0.0 0.5019608 0.0 -5.16947968E8 -8.4410368E8 3.145728E7 
Circle 0.0 0.5019608 0.0 -5.16947968E8 -8.61929472E8 3.145728E7 
Circle 0.0 0.5019608 0.0 -5.22190848E8 -8.74512384E8 3.145728E7 
Circle 0.0 0.5019608 0.0 -5.28482304E8 -8.93386752E8 3.145728E7 
Circle 0.0 0.5019608 0.0 -5.52599552E8 -9.09115392E8 3.145728E7 
Circle 0.0 0.5019608 0.0 -5.02267904E8 -8.46200832E8 2.097152E7 
Circle 0.0 0.5019608 0.0 -4.99122176E8 -8.31520768E8 6.291456E7 
Circle 0.0 0.5019608 0.0 -4.70810624E8 -8.18937856E8 6.291456E7 
Circle 0.0 0.5019608 0.0 -4.97025024E8 -8.03209216E8 6.291456E7 
Circle 0.0 0.5019608 0.0 -4.3515904E8 -8.46200832E8 6.291456E7 
Circle 0.0 0.5019608 0.0 -4.60324864E8 -8.66123776E8 6.291456E7 
Circle 0.0 0.5019608 0.0 -4.97025024E8 -8.81852416E8 6.291456E7 
Circle 0.0 0.5019608 0.0 -4.16284672E8 -8.76609536E8 6.291456E7 
Circle 0.0 0.5019608 0.0 -6.61651456E8 -7.602176E8 6.291456E7 
Circle 0.0 0.5019608 0.0 -6.38582784E8 -7.38197504E8 6.291456E7 
Circle 0.0 0.5019608 0.0 -6.1865984E8 -7.22468864E8 6.291456E7 
Circle 0.0 0.5019608 0.0 -5.9768832E8 -7.00448768E8 6.291456E7 
Circle 0.0 0.5019608 0.0 -5.5574528E8 -7.19323136E8 6.291456E7 
Circle 0.0 0.5019608 0.0 -5.00170752E8 -7.09885952E8 6.291456E7 
Circle 0.0 0.5019608 0.0 -5.42113792E8 -6.82622976E8 6.291456E7 
Circle 0.0 0.5019608 0.0 -5.80911104E8 -6.63748608E8 6.291456E7 
Circle 0.0 0.5019608 0.0 -5.75668224E8 -6.28097024E8 6.291456E7 
Circle 0.0 0.5019608 0.0 -5.47356672E8 -6.3438848E8 6.291456E7 
Circle 0.0 0.5019608 0.0 -5.07510784E8 -6.57457152E8 6.291456E7 
Circle 0.0 0.5019608 0.0 -4.64519168E8 -6.91011584E8 6.291456E7 
Circle 0.0 0.5019608 0.0 -4.41450496E8 -7.22468864E8 6.291456E7 
Circle 0.0 0.5019608 0.0 -4.73956352E8 -7.36100352E8 6.291456E7 
Circle 0.0 0.5019608 0.0 -3.96361728E8 -7.31906048E8 6.291456E7 
Circle 0.0 0.5019608 0.0 -3.60710144E8 -7.45537536E8 6.291456E7 
Circle 0.0 0.5019608 0.0 -3.01989888E8 -7.50780416E8 6.291456E7 
Circle 0.0 0.5019608 0.0 -2.61095424E8 -7.4973184E8 6.291456E7 
Circle 0.0 0.5019608 0.0 -3.0932992E8 -7.74897664E8 6.291456E7 
Circle 0.0 0.5019608 0.0 -3.08281344E8 -8.29423616E8 6.291456E7 
Circle 0.0 0.5019608 0.0 -2.73678336E8 -8.7031808E8 6.291456E7 
Circle 0.0 0.5019608 0.0 -2.29638144E8 -8.71366656E8 6.291456E7 
Circle 0.0 0.5019608 0.0 -2.32783872E8 -8.31520768E8 6.291456E7 
Circle 0.0 0.5019608 0.0 -2.07618048E8 -7.99014912E8 6.291456E7 
Circle 0.0 0.5019608 0.0 -2.0447232E8 -7.6546048E8 6.291456E7 
Circle 0.0 0.5019608 0.0 -1.66723584E8 -7.99014912E8 6.291456E7 
Circle 0.0 0.5019608 0.0 -1.90840832E8 -8.40957952E8 6.291456E7 
Circle 0.0 0.5019608 0.0 -1.39460608E8 -8.24180736E8 6.291456E7 
Circle 0.0 0.5019608 0.0 -1.34217728E8 -8.58783744E8 7.340032E7 
Circle 0.0 0.5019608 0.0 -1.47849216E8 -7.92723456E8 7.340032E7 
Circle 0.0 0.5019608 0.0 -1.53092096E8 -7.56023296E8 7.340032E7 
Circle 0.0 0.5019608 0.0 -1.06954752E8 -8.16840704E8 7.340032E7 
Circle 0.0 0.5019608 0.0 -7.4448896E7 -8.31520768E8 7.340032E7 
Circle 0.0 0.5019608 0.0 -3.145728E7 -8.46200832E8 7.340032E7 
Circle 0.0 0.5019608 0.0 -4.9283072E7 -7.9691776E8 7.340032E7 
Circle 0.0 0.5019608 0.0 -1.28974848E8 -7.5497472E8 7.340032E7 
Circle 0.0 0.5019608 0.0 -7.6546048E7 -7.6546048E8 7.340032E7 
Circle 0.0 0.5019608 0.0 -3.670016E7 -7.59169024E8 7.340032E7 
Circle 0.0 0.5019608 0.0 3145728.0 -7.56023296E8 7.340032E7 
Circle 0.0 0.5019608 0.0 1.1534336E7 -8.00063488E8 7.340032E7 
Circle 0.0 0.5019608 0.0 6291456.0 -8.47249408E8 7.340032E7 
Circle 0.0 0.5019608 0.0 5.3477376E7 -7.68606208E8 7.340032E7 
Circle 0.0 0.5019608 0.0 6.291456E7 -8.0216064E8 7.340032E7 
Circle 0.0 0.5019608 0.0 7.2351744E7 -8.46200832E8 7.340032E7 
Circle 0.0 0.5019608 0.0 1.22683392E8 -8.13694976E8 7.340032E7 
Circle 0.0 0.5019608 0.0 1.22683392E8 -7.71751936E8 7.340032E7 
Circle 0.0 0.5019608 0.0 -5.31628032E8 -9.15406848E8 5.24288E7 
Circle 0.0 0.5019608 0.0 -5.04365056E8 -9.13309696E8 5.24288E7 
Circle 0.0 0.5019608 0.0 -4.73956352E8 -9.04921088E8 5.24288E7 
Circle 0.0 0.5019608 0.0 -4.48790528E8 -8.99678208E8 5.24288E7 
Circle 0.0 0.5019608 0.0 -3.75390208E8 -8.8604672E8 5.24288E7 
Circle 0.0 0.5019608 0.0 -5.68328192E8 -9.29038336E8 5.24288E7 
Circle 0.0 0.5019608 0.0 -6.12368384E8 -9.34281216E8 5.24288E7 
Circle 0.0 0.5019608 0.0 -6.53262848E8 -9.23795456E8 5.24288E7 
Circle 0.0 0.5019608 0.0 -6.79477248E8 -9.10163968E8 5.24288E7 
Circle 0.0 0.5019608 0.0 -7.03594496E8 -8.84998144E8 5.24288E7 
Circle 0.0 0.5019608 0.0 -7.04643072E8 -8.64026624E8 5.24288E7 
Circle 0.0 0.5019608 0.0 -7.03594496E8 -8.35715072E8 5.24288E7 
Circle 0.0 0.5019608 0.0 -7.0254592E8 -8.19986432E8 5.24288E7 
Circle 0.0 0.5019608 0.0 -6.94157312E8 -7.86432E8 5.24288E7 
Circle 0.0 0.5019608 0.0 -6.815744E8 -7.68606208E8 5.24288E7 
Circle 0.0 0.5019608 0.0 -6.2390272E8 -7.04643072E8 5.24288E7 
Circle 0.0 0.5019608 0.0 -6.25999872E8 -6.88914432E8 5.24288E7 
Circle 0.0 0.5019608 0.0 -6.36485632E8 -7.04643072E8 5.24288E7 
Circle 0.0 0.5019608 0.0 -6.7633152E8 -7.47634688E8 5.24288E7 
Circle 1.0 1.0 0.0 -7.18536704E8 -6.59685376E8 5.24288E7 
Circle 1.0 1.0 0.0 -7.04905216E8 -6.51296768E8 5.24288E7 
Circle 1.0 1.0 0.0 -7.3531392E8 -6.10402304E8 5.24288E7 
Circle 1.0 1.0 0.0 -7.23779584E8 -5.94673664E8 5.24288E7 
Circle 1.0 1.0 0.0 -7.37411072E8 -5.61119232E8 5.24288E7 
Circle 1.0 1.0 0.0 -7.32168192E8 -5.28613376E8 5.24288E7 
Circle 1.0 1.0 0.0 -7.3531392E8 -4.95058944E8 5.24288E7 
Circle 1.0 1.0 0.0 -7.44751104E8 -4.81427456E8 5.24288E7 
Circle 1.0 1.0 0.0 -7.17488128E8 -4.86670336E8 5.24288E7 
Circle 1.0 1.0 0.0 -7.43702528E8 -5.93625088E8 5.24288E7 
Circle 1.0 1.0 0.0 -7.46848256E8 -6.5339392E8 5.24288E7 
Circle 1.0 1.0 0.0 -7.46848256E8 -6.80656896E8 5.24288E7 
Circle 1.0 1.0 0.0 -7.67819776E8 -7.1630848E8 5.24288E7 
Circle 1.0 1.0 0.0 -7.3007104E8 -6.82754048E8 5.24288E7 
Circle 1.0 1.0 0.0 -7.52091136E8 -6.93239808E8 5.24288E7 
Circle 1.0 1.0 0.0 -7.31119616E8 -6.80656896E8 5.24288E7 
Circle 1.0 1.0 0.0 -7.1958528E8 -6.72268288E8 5.24288E7 
Circle 1.0 1.0 0.0 -7.17488128E8 -6.2193664E8 5.24288E7 
Circle 1.0 1.0 0.0 -7.4579968E8 -6.13548032E8 5.24288E7 
Circle 1.0 1.0 0.0 -7.64674048E8 -6.4290816E8 5.24288E7 
Circle 1.0 1.0 0.0 -7.76208384E8 -6.67025408E8 5.24288E7 
Circle 1.0 1.0 0.0 -7.79354112E8 -6.848512E8 5.24288E7 
Circle 1.0 1.0 0.0 -7.86694144E8 -7.10017024E8 5.24288E7 
Circle 1.0 1.0 0.0 -7.76208384E8 -7.49862912E8 5.24288E7 
Circle 1.0 1.0 0.0 -7.89839872E8 -7.2679424E8 5.24288E7 
Circle 1.0 1.0 0.0 -7.69916928E8 -6.4290816E8 5.24288E7 
Circle 1.0 1.0 0.0 -7.70965504E8 -5.92576512E8 5.24288E7 
Circle 1.0 1.0 0.0 -7.67819776E8 -5.52730624E8 5.24288E7 
Circle 1.0 1.0 0.0 -7.70965504E8 -5.23370496E8 5.24288E7 
Circle 1.0 1.0 0.0 -7.73062656E8 -5.00301824E8 5.24288E7 
Circle 1.0 1.0 0.0 -7.73062656E8 -4.78281728E8 5.24288E7 
Circle 0.54509807 0.27058825 0.07450981 -7.67033344E8 -7.88135936E8 2.62144E7 
Circle 0.54509807 0.27058825 0.07450981 -7.82237696E8 -7.73455872E8 3.145728E7 
Circle 0.54509807 0.27058825 0.07450981 -7.69654784E8 -7.88135936E8 3.145728E7 
Circle 0.54509807 0.27058825 0.07450981 -7.83286272E8 -7.67164416E8 3.145728E7 
Circle 0.54509807 0.27058825 0.07450981 -7.93772032E8 -7.56678656E8 3.145728E7 
Circle 0.54509807 0.27058825 0.07450981 -8.13694976E8 -7.35707136E8 3.145728E7 
Circle 0.54509807 0.27058825 0.07450981 -8.14743552E8 -7.23124224E8 3.145728E7 
Circle 0.54509807 0.27058825 0.07450981 -8.26277888E8 -7.11589888E8 3.145728E7 
Circle 0.54509807 0.27058825 0.07450981 -8.32569344E8 -6.85375488E8 3.145728E7 
Circle 0.54509807 0.27058825 0.07450981 -8.3361792E8 -6.65452544E8 3.145728E7 
Circle 0.54509807 0.27058825 0.07450981 -8.43055104E8 -6.49723904E8 3.145728E7 
Circle 0.54509807 0.27058825 0.07450981 -8.50395136E8 -6.21412352E8 3.145728E7 
Circle 0.54509807 0.27058825 0.07450981 -8.53540864E8 -6.07780864E8 3.145728E7 
Circle 0.54509807 0.27058825 0.07450981 -8.7031808E8 -5.86809344E8 3.145728E7 
Circle 0.54509807 0.27058825 0.07450981 -8.77658112E8 -5.50109184E8 3.145728E7 
Circle 0.54509807 0.27058825 0.07450981 -8.74512384E8 -5.25991936E8 3.145728E7 
Circle 0.54509807 0.27058825 0.07450981 -8.55638016E8 -5.96246528E8 3.145728E7 
Circle 0.54509807 0.27058825 0.07450981 -8.87095296E8 -5.49060608E8 3.145728E7 
Circle 0.54509807 0.27058825 0.07450981 -8.68220928E8 -5.7212928E8 3.145728E7 
Circle 0.54509807 0.27058825 0.07450981 -7.71751936E8 -8.2378752E8 3.145728E7 
Circle 0.54509807 0.27058825 0.07450981 -7.72800512E8 -8.03864576E8 3.145728E7 
Circle 0.54509807 0.27058825 0.07450981 -7.95869184E8 -7.75553024E8 3.145728E7 
Circle 0.0 1.0 0.0 -2.9360128E7 -4.54688768E8 1.2582912E8 
Circle 0.0 1.0 0.0 2.5165824E7 -5.13409024E8 1.2582912E8 
Circle 0.0 1.0 0.0 5.4525952E7 -4.75660288E8 1.2582912E8 
Circle 0.0 1.0 0.0 1.59383552E8 -4.60980224E8 1.2582912E8 
Circle 0.0 1.0 0.0 1.38412032E8 -4.10648576E8 1.2582912E8 
Circle 0.0 1.0 0.0 2.7262976E7 -3.45636864E8 1.2582912E8 
Circle 0.0 1.0 0.0 -2.5165824E7 -2.8901376E8 1.2582912E8 
Circle 0.0 1.0 0.0 -7.7594624E7 -2.34487808E8 1.2582912E8 
Circle 0.0 1.0 0.0 -9.6468992E7 -4.16940032E8 1.2582912E8 
Circle 0.0 1.0 0.0 -9.2274688E7 -3.77094144E8 1.2582912E8 
Circle 0.0 1.0 0.0 -1.48897792E8 -2.97402368E8 1.2582912E8 
Circle 0.0 1.0 0.0 -2.18103808E8 -2.07224832E8 1.2582912E8 
Circle 0.0 1.0 0.0 -2.34881024E8 -1.77864704E8 1.2582912E8 
Circle 0.0 1.0 0.0 -2.74726912E8 -1.19144448E8 1.2582912E8 
Circle 0.0 1.0 0.0 -1.86646528E8 -3.24665344E8 1.2582912E8 
Circle 0.0 1.0 0.0 -2.4117248E8 -2.65945088E8 1.2582912E8 
Circle 0.0 1.0 0.0 -1.53092096E8 -2.21904896E8 1.2582912E8 
Circle 0.0 1.0 0.0 -1.11149056E8 -1.82059008E8 1.2582912E8 
Circle 0.0 1.0 0.0 -1.44703488E8 -1.17047296E8 1.2582912E8 
Circle 0.0 1.0 0.0 -1.8874368E8 -9.8172928E7 1.2582912E8 
Circle 0.0 1.0 0.0 -2.11812352E8 -7.0909952E7 1.2582912E8 
Circle 0.0 1.0 0.0 -1.8874368E7 -1.44310272E8 1.2582912E8 
Circle 0.0 1.0 0.0 2.3068672E7 -1.88350464E8 1.2582912E8 
Circle 0.0 1.0 0.0 8.1788928E7 -2.3658496E8 1.2582912E8 
Circle 0.0 1.0 0.0 1.17440512E8 -2.78528E8 1.2582912E8 
Circle 0.0 1.0 0.0 1.55189248E8 -3.2047104E8 1.2582912E8 
Circle 0.0 1.0 0.0 9.2274688E7 -3.66608384E8 1.2582912E8 
Circle 0.0 1.0 0.0 5.4525952E7 -4.1484288E8 1.2582912E8 
Circle 0.0 1.0 0.0 -1.2582912E7 -3.95968512E8 1.2582912E8 
Circle 0.0 1.0 0.0 -8.8080384E7 -3.37248256E8 1.2582912E8 
Circle 0.0 1.0 0.0 -8.5983232E7 -8.3492864E7 1.2582912E8 
Circle 0.0 0.0 1.0 -6.19184128E8 -8.19068928E8 7864320.0 
Circle 0.0 0.0 1.0 -6.21805568E8 -8.1723392E8 7864320.0 
Circle 0.0 0.0 1.0 -6.1997056E8 -8.159232E8 7864320.0 
Circle 0.0 0.0 1.0 -6.16562688E8 -8.159232E8 7864320.0 
Circle 0.0 0.0 1.0 -6.1472768E8 -8.15398912E8 7864320.0 
Circle 0.0 0.0 1.0 -6.22854144E8 -8.17758208E8 7864320.0 
Circle 0.0 0.0 1.0 -6.24164864E8 -8.16447488E8 7864320.0 
Circle 0.0 0.0 1.0 -6.24164864E8 -8.16447488E8 7864320.0 
Circle 0.0 0.0 1.0 -6.28883456E8 -8.17496064E8 7864320.0 
Circle 0.0 0.0 1.0 -6.29669888E8 -8.18020352E8 7864320.0 
Circle 0.0 0.0 1.0 -6.32815616E8 -8.1854464E8 7864320.0 
Circle 0.0 0.0 1.0 -6.36747776E8 -8.19331072E8 7864320.0 
Circle 0.0 0.0 1.0 -6.39369216E8 -8.1985536E8 7864320.0 
Circle 0.0 0.0 1.0 -6.41204224E8 -8.20641792E8 7864320.0 
Circle 0.0 0.0 1.0 -6.44612096E8 -8.21690368E8 7864320.0 
Circle 0.0 0.0 1.0 -6.45660672E8 -8.22214656E8 7864320.0 
Circle 0.0 0.0 1.0 -6.48019968E8 -8.23263232E8 7864320.0 
Circle 0.0 0.0 1.0 -6.5011712E8 -8.2378752E8 7864320.0 
Circle 0.0 0.0 1.0 -6.52476416E8 -8.24573952E8 7864320.0 
Circle 0.0 0.0 1.0 -6.54835712E8 -8.26933248E8 7864320.0 
Rect 0.0 0.0 1.0 -6.33339904E8 -8.62060544E8 -6.094848E8 -8.73332736E8 0.0 
Circle 0.0 0.0 1.0 -5.93772544E8 -8.61560832E8 3932160.0 
Circle 0.0 0.0 1.0 -5.94952192E8 -8.63657984E8 3932160.0 
Circle 0.0 0.0 1.0 -5.91937536E8 -8.6208512E8 3932160.0 
Circle 0.0 0.0 1.0 -5.90626816E8 -8.61954048E8 3932160.0 
Circle 0.0 0.0 1.0 -5.89447168E8 -8.61560832E8 3932160.0 
Circle 0.0 0.0 1.0 -5.96000768E8 -8.6536192E8 3932160.0 
Circle 0.0 0.0 1.0 -5.97180416E8 -8.66148352E8 3932160.0 
Circle 0.0 0.0 1.0 -5.98228992E8 -8.66934784E8 3932160.0 
Circle 0.0 0.0 1.0 -5.98884352E8 -8.67328E8 3932160.0 
Circle 0.0 0.0 1.0 -5.93903616E8 -8.640512E8 3932160.0 
Circle 0.0 0.0 1.0 -5.88398592E8 -8.61298688E8 3932160.0 
Circle 0.0 0.0 1.0 -5.87481088E8 -8.60643328E8 3932160.0 
Circle 0.0 0.0 1.0 -5.86825728E8 -8.60381184E8 3932160.0 
Circle 0.0 0.0 1.0 -5.85777152E8 -8.59725824E8 3932160.0 
Circle 0.0 0.0 1.0 -5.8499072E8 -8.59070464E8 3932160.0 
Circle 0.0 0.0 1.0 -5.804032E8 -8.37443584E8 3932160.0 
Circle 0.0 0.0 1.0 -5.79223552E8 -8.36132864E8 3932160.0 
Circle 0.0 1.0 0.0 -5.6270848E8 -8.08476672E8 1.048576E7 
Circle 0.0 1.0 0.0 -5.6008704E8 -8.05330944E8 1.048576E7 
Circle 0.0 1.0 0.0 -5.56417024E8 -8.02709504E8 1.048576E7 
Circle 0.0 1.0 0.0 -5.49076992E8 -7.99039488E8 1.048576E7 
Circle 0.0 1.0 0.0 -5.443584E8 -7.96418048E8 1.048576E7 
Circle 0.0 1.0 0.0 -5.39639808E8 -7.89602304E8 1.048576E7 
Circle 0.0 1.0 0.0 -5.3911552E8 -7.89602304E8 1.048576E7 
Circle 0.0 1.0 0.0 -5.3649408E8 -7.8278656E8 1.048576E7 
Circle 0.0 1.0 0.0 -5.3649408E8 -7.81213696E8 1.048576E7 
Circle 0.0 1.0 0.0 -5.40164096E8 -7.723008E8 1.048576E7 
Circle 0.0 1.0 0.0 -5.41212672E8 -7.68106496E8 1.048576E7 
Circle 0.0 1.0 0.0 -5.443584E8 -7.60242176E8 1.048576E7 
Circle 0.0 1.0 0.0 -5.443584E8 -7.56047872E8 1.048576E7 
Circle 0.0 1.0 0.0 -5.443584E8 -7.46610688E8 1.048576E7 
Circle 0.0 1.0 0.0 -5.43834112E8 -7.39794944E8 1.048576E7 
Circle 0.0 1.0 0.0 -5.42785536E8 -7.34552064E8 1.048576E7 
Circle 0.0 1.0 0.0 -5.4173696E8 -7.29833472E8 1.048576E7 
Circle 0.0 1.0 0.0 -5.37018368E8 -7.18823424E8 1.048576E7 
Circle 0.0 1.0 0.0 -5.35445504E8 -7.15677696E8 1.048576E7 
Circle 0.0 1.0 0.0 -5.32299776E8 -7.09910528E8 1.048576E7 
Circle 0.0 1.0 0.0 -5.28105472E8 -7.03619072E8 1.048576E7 
Circle 0.0 1.0 0.0 -5.24959744E8 -6.99949056E8 1.048576E7 
Circle 0.0 1.0 0.0 -5.20241152E8 -6.94706176E8 1.048576E7 
Circle 0.0 1.0 0.0 -5.1552256E8 -6.91560448E8 1.048576E7 
Circle 0.0 1.0 0.0 -5.11328256E8 -6.9103616E8 1.048576E7 
Circle 0.0 1.0 0.0 -5.050368E8 -6.88939008E8 1.048576E7 
Circle 0.0 1.0 0.0 -4.96648192E8 -6.8579328E8 1.048576E7 
Circle 0.0 1.0 0.0 -4.86162432E8 -6.82123264E8 1.048576E7 
Circle 0.0 1.0 0.0 -4.79346688E8 -6.78977536E8 1.048576E7 
Circle 0.0 1.0 0.0 -4.75152384E8 -6.77404672E8 1.048576E7 
Circle 0.0 1.0 0.0 -4.70433792E8 -6.74783232E8 1.048576E7 
Circle 0.0 1.0 0.0 -4.66763776E8 -6.72161792E8 1.048576E7 
Circle 0.0 1.0 0.0 -4.58375168E8 -6.65346048E8 1.048576E7 
Circle 0.0 1.0 0.0 -4.54705152E8 -6.59054592E8 1.048576E7 
Circle 0.0 1.0 0.0 -4.61520896E8 -6.69016064E8 1.048576E7 
Circle 0.0 1.0 0.0 -4.91405312E8 -6.85268992E8 1.048576E7 
Circle 0.0 1.0 0.0 -5.01366784E8 -6.88939008E8 1.048576E7 
Circle 0.0 1.0 0.0 -5.41212672E8 -7.26163456E8 1.048576E7 
Circle 0.0 1.0 0.0 -5.38066944E8 -7.20920576E8 1.048576E7 
Circle 0.0 1.0 0.0 -5.33348352E8 -7.15677696E8 1.048576E7 
Circle 0.0 1.0 0.0 -5.63757056E8 -8.1096704E8 3.014656E7 
Circle 0.0 1.0 0.0 -5.51305216E8 -8.01923072E8 1.96608E7 
Circle 0.0 1.0 0.0 -5.44882688E8 -7.9720448E8 1.572864E7 
Circle 0.0 1.0 0.0 -5.3911552E8 -7.9065088E8 1.048576E7 
Circle 0.0 1.0 0.0 -5.40950528E8 -7.94058752E8 1.048576E7 
Circle 0.0 1.0 0.0 -5.37280512E8 -7.87243008E8 1.048576E7 
Circle 0.0 1.0 0.0 -5.3911552E8 -7.77281536E8 1.048576E7 
Circle 0.0 1.0 0.0 -5.4304768E8 -7.657472E8 1.048576E7 
Circle 0.0 1.0 0.0 -5.4566912E8 -7.52115712E8 1.048576E7 
Circle 0.0 1.0 0.0 -4.83016704E8 -6.81598976E8 1.048576E7 
Circle 0.0 1.0 0.0 -4.59948032E8 -6.61676032E8 1.048576E7 
Circle 0.0 1.0 0.0 -4.52083712E8 -6.64297472E8 1.048576E7 
Circle 0.0 1.0 0.0 -5.73128704E8 -7.99563776E8 5242880.0 
Circle 0.0 0.0 1.0 -5.82828032E8 -8.23222272E8 2621440.0 
Circle 0.0 0.0 1.0 -5.82434816E8 -8.24532992E8 2621440.0 
Circle 0.0 0.0 1.0 -5.83745536E8 -8.230912E8 2621440.0 
Circle 0.0 0.0 1.0 -5.82172672E8 -8.22960128E8 2621440.0 
Circle 0.0 0.0 1.0 -5.81124096E8 -8.22173696E8 2621440.0 
Circle 0.0 0.0 1.0 -5.79813376E8 -8.21911552E8 2621440.0 
Circle 0.0 0.0 1.0 -5.79158016E8 -8.21387264E8 2621440.0 
Circle 0.0 0.0 1.0 -5.78240512E8 -8.20600832E8 2621440.0 
Circle 0.0 0.0 1.0 -5.77060864E8 -8.198144E8 2621440.0 
Circle 0.0 0.0 1.0 -5.75750144E8 -8.19290112E8 2621440.0 
Circle 0.0 0.0 1.0 -5.75094784E8 -8.18896896E8 2621440.0 
Circle 0.0 0.0 1.0 -5.74439424E8 -8.18372608E8 2621440.0 
Circle 0.0 0.0 1.0 -5.73652992E8 -8.17586176E8 2621440.0 
Circle 0.0 0.0 1.0 -5.73259776E8 -8.17061888E8 2621440.0 
Circle 0.0 0.0 1.0 -5.72997632E8 -8.16406528E8 2621440.0 
Circle 0.0 0.0 1.0 -5.72604416E8 -8.15620096E8 2621440.0 
Circle 0.0 0.0 1.0 -5.71949056E8 -8.14964736E8 2621440.0 
Circle 0.0 0.0 1.0 -5.7090048E8 -8.14309376E8 2621440.0 
Circle 0.0 0.0 1.0 -5.69458688E8 -8.13522944E8 2621440.0 
Circle 0.0 0.0 1.0 -5.68541184E8 -8.13129728E8 2621440.0 
Circle 0.0 0.0 1.0 -5.67885824E8 -8.12736512E8 2621440.0 
Circle 0.0 0.0 1.0 -5.65395456E8 -8.1129472E8 2621440.0 
Circle 0.0 0.0 1.0 -5.64740096E8 -8.10901504E8 2621440.0 
Circle 0.0 0.0 1.0 -5.6631296E8 -8.12212224E8 2621440.0 
Circle 0.0 0.0 1.0 -5.67492608E8 -8.12474368E8 2621440.0 
Circle 0.0 0.0 1.0 -5.63822592E8 -8.10246144E8 2621440.0 
Circle 0.0 0.0 1.0 -5.63429376E8 -8.10115072E8 2621440.0 
Circle 0.0 0.0 1.0 -5.61987584E8 -8.09197568E8 2621440.0 
Circle 0.0 0.0 1.0 -5.61332224E8 -8.0867328E8 2621440.0 
Circle 0.0 0.0 1.0 -5.60021504E8 -8.07493632E8 2621440.0 
Circle 0.0 0.0 1.0 -5.58579712E8 -8.06969344E8 2621440.0 
Circle 0.0 0.0 1.0 -5.56613632E8 -8.05789696E8 2621440.0 
Circle 0.0 0.0 1.0 -5.5451648E8 -8.04610048E8 2621440.0 
Circle 0.0 0.0 1.0 -5.55565056E8 -8.05658624E8 2621440.0 
Circle 0.0 0.0 1.0 -5.84925184E8 -8.22206464E8 655360.0 
Circle 0.0 0.0 1.0 -5.5353344E8 -8.04020224E8 2621440.0 
Circle 0.0 0.0 1.0 -5.52353792E8 -8.0310272E8 2621440.0 
Circle 0.0 0.0 1.0 -5.51043072E8 -8.02054144E8 2621440.0 
Circle 0.0 0.0 1.0 -5.49994496E8 -8.0113664E8 2621440.0 
Circle 0.0 0.0 1.0 -5.4829056E8 -8.00219136E8 2621440.0 
Circle 0.0 0.0 1.0 -5.47373056E8 -7.99563776E8 2621440.0 
Circle 0.0 0.0 1.0 -5.58252032E8 -8.06510592E8 2621440.0 
Circle 0.0 0.0 1.0 -5.46832384E8 -7.99670272E8 1310720.0 
Circle 0.0 0.0 1.0 -5.46832384E8 -7.99670272E8 1310720.0 
Circle 0.0 0.0 1.0 -5.46701312E8 -7.995392E8 1310720.0 
Circle 0.0 0.0 1.0 -5.46439168E8 -7.99277056E8 2621440.0 
Circle 0.0 0.0 1.0 -5.46177024E8 -7.99277056E8 2621440.0 
Circle 0.0 0.0 1.0 -5.45390592E8 -7.99014912E8 2621440.0 
Circle 0.0 0.0 1.0 -5.44735232E8 -7.98621696E8 2621440.0 
Circle 0.0 0.0 1.0 -5.44342016E8 -7.98490624E8 2621440.0 
Circle 0.0 0.0 1.0 -5.439488E8 -7.9822848E8 2621440.0 
Circle 0.0 0.0 1.0 -5.43424512E8 -7.97966336E8 2621440.0 
Circle 0.0 0.0 1.0 -5.43162368E8 -7.97835264E8 2621440.0 
Circle 0.0 0.0 1.0 -5.42769152E8 -7.97442048E8 2621440.0 
Circle 0.0 0.0 1.0 -5.42113792E8 -7.96655616E8 2621440.0 
Circle 0.0 0.0 1.0 -5.41720576E8 -7.96000256E8 2621440.0 
Circle 0.0 0.0 1.0 -5.41458432E8 -7.9560704E8 2621440.0 
Circle 0.0 0.0 1.0 -5.41196288E8 -7.9495168E8 2621440.0 
Circle 0.0 0.0 1.0 -5.40803072E8 -7.94165248E8 2621440.0 
Circle 0.0 0.0 1.0 -5.4001664E8 -7.929856E8 2621440.0 
Circle 0.0 0.0 1.0 -5.39492352E8 -7.92199168E8 2621440.0 
Circle 0.0 0.0 1.0 -5.39230208E8 -7.91412736E8 2621440.0 
Circle 0.0 0.0 1.0 -5.38968064E8 -7.90757376E8 2621440.0 
Circle 0.0 0.0 1.0 -5.38574848E8 -7.89970944E8 2621440.0 
Circle 0.0 0.0 1.0 -5.38312704E8 -7.8905344E8 2621440.0 
Circle 0.0 0.0 1.0 -5.3805056E8 -7.88004864E8 2621440.0 
Circle 0.0 0.0 1.0 -5.37788416E8 -7.8708736E8 2621440.0 
Circle 0.0 0.0 1.0 -5.37788416E8 -7.86300928E8 2621440.0 
Circle 0.0 0.0 1.0 -5.37657344E8 -7.85514496E8 2621440.0 
Circle 0.0 0.0 1.0 -5.37657344E8 -7.84596992E8 2621440.0 
Circle 0.0 0.0 1.0 -5.37657344E8 -7.8381056E8 2621440.0 
Circle 0.0 0.0 1.0 -5.37919488E8 -7.82893056E8 2621440.0 
Circle 0.0 0.0 1.0 -5.3805056E8 -7.8184448E8 2621440.0 
Circle 0.0 0.0 1.0 -5.38312704E8 -7.80664832E8 2621440.0 
Circle 0.0 0.0 1.0 -5.38836992E8 -7.7922304E8 2621440.0 
Circle 0.0 0.0 1.0 -5.38836992E8 -7.7856768E8 2621440.0 
Circle 0.0 0.0 1.0 -5.39230208E8 -7.77388032E8 2621440.0 
Circle 0.0 0.0 1.0 -5.3936128E8 -7.766016E8 2621440.0 
Circle 0.0 0.0 1.0 -5.4001664E8 -7.75553024E8 2621440.0 
Circle 0.0 0.0 1.0 -5.40540928E8 -7.74111232E8 2621440.0 
Circle 0.0 0.0 1.0 -5.4132736E8 -7.7201408E8 2621440.0 
Circle 0.0 0.0 1.0 -5.4198272E8 -7.70441216E8 2621440.0 
Circle 0.0 0.0 1.0 -5.42769152E8 -7.68475136E8 2621440.0 
Circle 0.0 0.0 1.0 -5.43424512E8 -7.67557632E8 2621440.0 
Circle 0.0 0.0 1.0 -5.44079872E8 -7.65722624E8 2621440.0 
Circle 0.0 0.0 1.0 -5.44473088E8 -7.64280832E8 2621440.0 
Circle 0.0 0.0 1.0 -5.44866304E8 -7.6283904E8 2621440.0 
Circle 0.0 0.0 1.0 -5.44866304E8 -7.61266176E8 2621440.0 
Circle 0.0 0.0 1.0 -5.4525952E8 -7.59431168E8 2621440.0 
Circle 0.0 0.0 1.0 -5.45652736E8 -7.57202944E8 2621440.0 
Circle 0.0 0.0 1.0 -5.45652736E8 -7.5628544E8 2621440.0 
Circle 0.0 0.0 1.0 -5.45652736E8 -7.55236864E8 2621440.0 
Circle 0.0 0.0 1.0 -5.45652736E8 -7.54057216E8 2621440.0 
Circle 0.0 0.0 1.0 -5.45652736E8 -7.52615424E8 2621440.0 
Circle 0.0 0.0 1.0 -5.45652736E8 -7.50911488E8 2621440.0 
Circle 0.0 0.0 1.0 -5.45652736E8 -7.4907648E8 2621440.0 
Circle 0.0 0.0 1.0 -5.45652736E8 -7.4776576E8 2621440.0 
Circle 0.0 0.0 1.0 -5.45652736E8 -7.46192896E8 2621440.0 
Circle 0.0 0.0 1.0 -5.45652736E8 -7.45013248E8 2621440.0 
Circle 0.0 0.0 1.0 -5.45521664E8 -7.43964672E8 2621440.0 
Circle 0.0 0.0 1.0 -5.45390592E8 -7.42391808E8 2621440.0 
Circle 0.0 0.0 1.0 -5.45128448E8 -7.4121216E8 2621440.0 
Circle 0.0 0.0 1.0 -5.44735232E8 -7.40163584E8 2621440.0 
Circle 0.0 0.0 1.0 -5.44473088E8 -7.39508224E8 2621440.0 
Circle 0.0 0.0 1.0 -5.44342016E8 -7.38721792E8 2621440.0 
Circle 0.0 0.0 1.0 -5.439488E8 -7.37804288E8 2621440.0 
Circle 0.0 0.0 1.0 -5.43817728E8 -7.3728E8 2621440.0 
Circle 0.0 0.0 1.0 -5.43817728E8 -7.36886784E8 2621440.0 
Circle 0.0 0.0 1.0 -5.43686656E8 -7.36362496E8 2621440.0 
Circle 0.0 0.0 1.0 -5.43686656E8 -7.35444992E8 2621440.0 
Circle 0.0 0.0 1.0 -5.43686656E8 -7.34396416E8 2621440.0 
Circle 0.0 0.0 1.0 -5.439488E8 -7.33872128E8 2621440.0 
Circle 0.0 0.0 1.0 -5.439488E8 -7.33872128E8 2621440.0 
Circle 0.0 0.0 1.0 -5.439488E8 -7.33872128E8 2621440.0 
Circle 0.0 0.0 1.0 -5.439488E8 -7.33609984E8 2621440.0 
Circle 0.0 0.0 1.0 -5.43686656E8 -7.32561408E8 2621440.0 
Circle 0.0 0.0 1.0 -5.43424512E8 -7.31512832E8 2621440.0 
Circle 0.0 0.0 1.0 -5.43162368E8 -7.30464256E8 2621440.0 
Circle 0.0 0.0 1.0 -5.42900224E8 -7.30202112E8 2621440.0 
Circle 0.0 0.0 1.0 -5.4263808E8 -7.2941568E8 2621440.0 
Circle 0.0 0.0 1.0 -5.4263808E8 -7.28629248E8 2621440.0 
Circle 0.0 0.0 1.0 -5.42375936E8 -7.2810496E8 2621440.0 
Circle 0.0 0.0 1.0 -5.42375936E8 -7.27318528E8 2621440.0 
Circle 0.0 0.0 1.0 -5.42375936E8 -7.26007808E8 2621440.0 
Circle 0.0 0.0 1.0 -5.42375936E8 -7.24959232E8 2621440.0 
Circle 0.0 0.0 1.0 -5.41851648E8 -7.241728E8 2621440.0 
Circle 0.0 0.0 1.0 -5.41851648E8 -7.23124224E8 2621440.0 
Circle 0.0 0.0 1.0 -5.41589504E8 -7.22599936E8 2621440.0 
Circle 0.0 0.0 1.0 -5.4132736E8 -7.21813504E8 2621440.0 
Circle 0.0 0.0 1.0 -5.40803072E8 -7.20764928E8 2621440.0 
Circle 0.0 0.0 1.0 -5.40803072E8 -7.19978496E8 2621440.0 
Circle 0.0 0.0 1.0 -5.40540928E8 -7.19454208E8 2621440.0 
Circle 0.0 0.0 1.0 -5.39754496E8 -7.18405632E8 2621440.0 
Circle 0.0 0.0 1.0 -5.39492352E8 -7.176192E8 2621440.0 
Circle 0.0 0.0 1.0 -5.38968064E8 -7.16570624E8 2621440.0 
Circle 0.0 0.0 1.0 -5.38443776E8 -7.16046336E8 2621440.0 
Circle 0.0 0.0 1.0 -5.37919488E8 -7.15259904E8 2621440.0 
Circle 0.0 0.0 1.0 -5.373952E8 -7.14735616E8 2621440.0 
Circle 0.0 0.0 1.0 -5.37133056E8 -7.14211328E8 2621440.0 
Circle 0.0 0.0 1.0 -5.36346624E8 -7.12900608E8 2621440.0 
Circle 0.0 0.0 1.0 -5.35560192E8 -7.1237632E8 2621440.0 
Circle 0.0 0.0 1.0 -5.3477376E8 -7.11589888E8 2621440.0 
Circle 0.0 0.0 1.0 -5.34511616E8 -7.10803456E8 2621440.0 
Circle 0.0 0.0 1.0 -5.33987328E8 -7.10541312E8 2621440.0 
Circle 0.0 0.0 1.0 -5.3346304E8 -7.0975488E8 2621440.0 
Circle 0.0 0.0 1.0 -5.32938752E8 -7.08968448E8 2621440.0 
Circle 0.0 0.0 1.0 -5.32676608E8 -7.08706304E8 2621440.0 
Circle 0.0 0.0 1.0 -5.31890176E8 -7.07919872E8 2621440.0 
Circle 0.0 0.0 1.0 -5.31365888E8 -7.0713344E8 2621440.0 
Circle 0.0 0.0 1.0 -5.308416E8 -7.06871296E8 2621440.0 
Circle 0.0 0.0 1.0 -5.30055168E8 -7.06084864E8 2621440.0 
Circle 0.0 0.0 1.0 -5.29793024E8 -7.0582272E8 2621440.0 
Circle 0.0 0.0 1.0 -5.2953088E8 -7.05036288E8 2621440.0 
Circle 0.0 0.0 1.0 -5.29006592E8 -7.03987712E8 2621440.0 
Circle 0.0 0.0 1.0 -5.28482304E8 -7.03463424E8 2621440.0 
Circle 0.0 0.0 1.0 -5.27695872E8 -7.02939136E8 2621440.0 
Circle 0.0 0.0 1.0 -5.27433728E8 -7.02152704E8 2621440.0 
Circle 0.0 0.0 1.0 -5.2690944E8 -7.02152704E8 2621440.0 
Circle 0.0 0.0 1.0 -5.26647296E8 -7.01366272E8 2621440.0 
Circle 0.0 0.0 1.0 -5.25860864E8 -7.00841984E8 2621440.0 
Circle 0.0 0.0 1.0 -5.25860864E8 -7.00841984E8 2621440.0 
Circle 0.0 0.0 1.0 -5.25336576E8 -7.0057984E8 2621440.0 
Circle 0.0 0.0 1.0 -5.25074432E8 -7.0057984E8 2621440.0 
Circle 0.0 0.0 1.0 -5.25074432E8 -7.00317696E8 2621440.0 
Circle 0.0 0.0 1.0 -5.25074432E8 -7.00317696E8 2621440.0 
Circle 0.0 0.0 1.0 -5.24812288E8 -7.00317696E8 2621440.0 
Circle 0.0 0.0 1.0 -5.24812288E8 -7.00055552E8 2621440.0 
Circle 0.0 0.0 1.0 -5.24550144E8 -6.99793408E8 2621440.0 
Circle 0.0 0.0 1.0 -5.24550144E8 -6.99793408E8 2621440.0 
Circle 0.0 0.0 1.0 -5.25074432E8 -6.9926912E8 2621440.0 
Circle 0.0 0.0 1.0 -5.25074432E8 -6.9926912E8 2621440.0 
Circle 0.0 0.0 1.0 -5.25074432E8 -6.9926912E8 2621440.0 
Circle 0.0 0.0 1.0 -5.24550144E8 -6.9926912E8 2621440.0 
Circle 0.0 0.0 1.0 -5.24025856E8 -6.99006976E8 2621440.0 
Circle 0.0 0.0 1.0 -5.23239424E8 -6.98482688E8 2621440.0 
Circle 0.0 0.0 1.0 -5.22452992E8 -6.979584E8 2621440.0 
Circle 0.0 0.0 1.0 -5.22190848E8 -6.97171968E8 2621440.0 
Circle 0.0 0.0 1.0 -5.21404416E8 -6.9664768E8 2621440.0 
Circle 0.0 0.0 1.0 -5.20617984E8 -6.95599104E8 2621440.0 
Circle 0.0 0.0 1.0 -5.20093696E8 -6.94812672E8 2621440.0 
Circle 0.0 0.0 1.0 -5.19569408E8 -6.94288384E8 2621440.0 
Circle 0.0 0.0 1.0 -5.18520832E8 -6.93501952E8 2621440.0 
Circle 0.0 0.0 1.0 -5.177344E8 -6.92453376E8 2621440.0 
Circle 0.0 0.0 1.0 -5.16685824E8 -6.91929088E8 2621440.0 
Circle 0.0 0.0 1.0 -5.15375104E8 -6.914048E8 2621440.0 
Circle 0.0 0.0 1.0 -5.13015808E8 -6.90618368E8 2621440.0 
Circle 0.0 0.0 1.0 -5.10394368E8 -6.89831936E8 2621440.0 
Circle 0.0 0.0 1.0 -5.09083648E8 -6.89569792E8 2621440.0 
Circle 0.0 0.0 1.0 -5.08297216E8 -6.89307648E8 2621440.0 
Circle 0.0 0.0 1.0 -5.06724352E8 -6.8878336E8 2621440.0 
Circle 0.0 0.0 1.0 -5.05413632E8 -6.87734784E8 2621440.0 
Circle 0.0 0.0 1.0 -5.04365056E8 -6.87210496E8 2621440.0 
Circle 0.0 0.0 1.0 -5.03578624E8 -6.86686208E8 2621440.0 
Circle 0.0 0.0 1.0 -5.01481472E8 -6.85375488E8 2621440.0 
Circle 0.0 0.0 1.0 -5.00170752E8 -6.848512E8 2621440.0 
Circle 0.0 0.0 1.0 -4.98597888E8 -6.84064768E8 2621440.0 
Circle 0.0 0.0 1.0 -4.97549312E8 -6.83802624E8 2621440.0 
Circle 0.0 0.0 1.0 -4.97025024E8 -6.8354048E8 2621440.0 
Circle 0.0 0.0 1.0 -4.96238592E8 -6.83278336E8 2621440.0 
Circle 0.0 0.0 1.0 -4.95190016E8 -6.83016192E8 2621440.0 
Circle 0.0 0.0 1.0 -4.93092864E8 -6.83016192E8 2621440.0 
Circle 0.0 0.0 1.0 -4.90733568E8 -6.82491904E8 2621440.0 
Circle 0.0 0.0 1.0 -4.8889856E8 -6.81705472E8 2621440.0 
Circle 0.0 0.0 1.0 -4.87849984E8 -6.81443328E8 2621440.0 
Circle 0.0 0.0 1.0 -4.86539264E8 -6.8091904E8 2621440.0 
Circle 0.0 0.0 1.0 -4.85228544E8 -6.80394752E8 2621440.0 
Circle 0.0 0.0 1.0 -4.84442112E8 -6.80132608E8 2621440.0 
Circle 0.0 0.0 1.0 -4.8365568E8 -6.7960832E8 2621440.0 
Circle 0.0 0.0 1.0 -4.82607104E8 -6.79346176E8 2621440.0 
Circle 0.0 0.0 1.0 -4.8103424E8 -6.78559744E8 2621440.0 
Circle 0.0 0.0 1.0 -4.78937088E8 -6.77773312E8 2621440.0 
Circle 0.0 0.0 1.0 -4.77888512E8 -6.7698688E8 2621440.0 
Circle 0.0 0.0 1.0 -4.76839936E8 -6.76462592E8 2621440.0 
Circle 0.0 0.0 1.0 -4.76053504E8 -6.76200448E8 2621440.0 
Circle 0.0 0.0 1.0 -4.74742784E8 -6.7567616E8 2621440.0 
Circle 0.0 0.0 1.0 -4.73956352E8 -6.75151872E8 2621440.0 
Circle 0.0 0.0 1.0 -4.72907776E8 -6.74627584E8 2621440.0 
Circle 0.0 0.0 1.0 -4.71597056E8 -6.73841152E8 2621440.0 
Circle 0.0 0.0 1.0 -4.70286336E8 -6.73316864E8 2621440.0 
Circle 0.0 0.0 1.0 -4.6923776E8 -6.72792576E8 2621440.0 
Circle 0.0 0.0 1.0 -4.68451328E8 -6.72268288E8 2621440.0 
Circle 0.0 0.0 1.0 -4.67402752E8 -6.71481856E8 2621440.0 
Circle 0.0 0.0 1.0 -4.66354176E8 -6.70695424E8 2621440.0 
Circle 0.0 0.0 1.0 -4.64257024E8 -6.69646848E8 2621440.0 
Circle 0.0 0.0 1.0 -4.63470592E8 -6.69384704E8 2621440.0 
Circle 0.0 0.0 1.0 -4.63470592E8 -6.69384704E8 2621440.0 
Circle 0.0 0.0 1.0 -4.63208448E8 -6.68860416E8 2621440.0 
Circle 0.0 0.0 1.0 -4.62422016E8 -6.68073984E8 2621440.0 
Circle 0.0 0.0 1.0 -4.61111296E8 -6.67025408E8 2621440.0 
Circle 0.0 0.0 1.0 -4.60324864E8 -6.66238976E8 2621440.0 
Circle 0.0 0.0 1.0 -4.59276288E8 -6.651904E8 2621440.0 
Circle 0.0 0.0 1.0 -4.58752E8 -6.64403968E8 2621440.0 
Circle 0.0 0.0 1.0 -4.57965568E8 -6.63617536E8 2621440.0 
Circle 0.0 0.0 1.0 -4.57179136E8 -6.62306816E8 2621440.0 
Circle 0.0 0.0 1.0 -4.56654848E8 -6.6125824E8 2621440.0 
Circle 0.0 0.0 1.0 -4.55868416E8 -6.5994752E8 2621440.0 
Circle 0.0 0.0 1.0 -4.55081984E8 -6.57850368E8 2621440.0 
Circle 0.0 0.0 1.0 -4.54295552E8 -6.55228928E8 2621440.0 
Circle 0.0 0.0 1.0 -4.5350912E8 -6.53918208E8 2621440.0 
Circle 0.0 0.0 1.0 -4.52984832E8 -6.53131776E8 2621440.0 
Circle 0.0 0.0 1.0 -4.52722688E8 -6.52345344E8 2621440.0 
Circle 0.0 0.0 1.0 -4.521984E8 -6.51558912E8 2621440.0 
Circle 0.0 0.0 1.0 -4.521984E8 -6.51034624E8 2621440.0 
Circle 0.0 0.0 1.0 -4.51674112E8 -6.49723904E8 2621440.0 
Circle 0.0 0.0 1.0 -4.51411968E8 -6.48413184E8 2621440.0 
Circle 0.0 0.0 1.0 -4.5088768E8 -6.47102464E8 2621440.0 
Circle 0.0 0.0 1.0 -4.50101248E8 -6.455296E8 2621440.0 
Circle 0.0 0.0 1.0 -4.49839104E8 -6.43956736E8 2621440.0 
Circle 0.0 0.0 1.0 -4.49052672E8 -6.41859584E8 2621440.0 
Circle 0.0 0.0 1.0 -4.48528384E8 -6.39762432E8 2621440.0 
Circle 0.0 0.0 1.0 -4.48004096E8 -6.38189568E8 2621440.0 
Circle 0.0 0.0 1.0 -4.46693376E8 -6.3504384E8 2621440.0 
Circle 0.0 0.0 1.0 -4.45382656E8 -6.32160256E8 2621440.0 
Circle 0.0 0.0 1.0 -4.43809792E8 -6.27965952E8 2621440.0 
Circle 0.0 0.0 1.0 -4.4040192E8 -6.20101632E8 2621440.0 
Circle 0.0 0.0 1.0 -4.3778048E8 -6.1538304E8 2621440.0 
Circle 0.0 0.0 1.0 -4.36731904E8 -6.13810176E8 2621440.0 
Circle 0.0 0.0 1.0 -4.3646976E8 -6.12499456E8 2621440.0 
Circle 0.0 0.0 1.0 -4.36207616E8 -6.10926592E8 2621440.0 
Circle 0.0 1.0 1.0 -432.0 -486.0 20.0 
Circle 0.0 1.0 1.0 -546.0 -88.0 20.0 
Circle 0.0 1.0 1.0 -1516.0 -316.0 40.0 
Circle 0.0 1.0 1.0 956.0 -1164.0 480.0 
Circle 0.0 1.0 1.0 -228.0 -1300.0 480.0 
Circle 0.0 1.0 1.0 388.0 296.0 480.0 
Circle 0.0 1.0 1.0 1540.0 -668.0 480.0 
Circle 0.0 1.0 1.0 -1032.0 -560.0 480.0 
Circle 0.0 1.0 1.0 188.0 -664.0 480.0 
Circle 0.0 1.0 1.0 1044.0 128.0 480.0 
Circle 0.0 1.0 1.0 988.0 -404.0 480.0 
Circle 0.0 1.0 1.0 -1144.0 -60.0 480.0 
Circle 0.0 1.0 1.0 -1860.0 -1632.0 480.0 
Rect 0.0 1.0 1.0 -544.0 -840.0 -1336.0 -1316.0 0.0 
Line 0.0 1.0 1.0 -2408.0 -828.0 -2092.0 188.0 0.0 
Line 0.0 1.0 1.0 -2056.0 -884.0 -1476.0 -464.0 0.0 
Line 0.0 1.0 1.0 -2280.0 -1200.0 -2196.0 -736.0 0.0 
Line 0.0 1.0 1.0 -312.0 -156.0 -16.0 132.0 0.0 
Rect 0.0 1.0 1.0 -336.0 48.0 -668.0 448.0 0.0 
Rect 0.0 0.5019608 0.0 -1030.75 -606.75 -1007.25 -581.0 0.0 
Rect 0.0 0.5019608 0.0 -1061.25 -608.0 -882.75 -468.5 0.0 
Rect 1.0 1.0 1.0 -1055.25 -604.75 -1006.0 -562.5 0.0 
Rect 1.0 1.0 1.0 -1051.5 -556.75 -890.0 -532.0 0.0 
Rect 1.0 1.0 1.0 -1054.75 -527.75 -1003.75 -474.25 0.0 
Rect 1.0 0.0 1.0 -1021.8125 -482.34375 -1006.125 -475.65625 0.0 
Rect 0.0 0.0 0.5019608 -1018.8125 -486.375 -1012.21875 -485.59375 0.0 
Circle 0.0 0.0 0.5019608 -1015.375 -483.65625 5.3125 
Rect 1.0 0.0 1.0 -1052.78125 -524.53125 -1035.09375 -496.21875 0.0 
Rect 1.0 0.0 1.0 4640.21875 -6149.96875 8048.21875 4138.03125 0.0 
Rect 1.0 0.0 1.0 -1018.15625 -515.71875 -1012.59375 -512.09375 0.0 
Circle 0.52156866 0.36862746 0.25882354 -1015.515625 -513.984375 2.65625 
Circle 0.0 1.0 0.0 -1015.4765625 -514.16796875 0.33203125 
Circle 0.0 1.0 0.0 -1014.744140625 -514.197265625 0.6640625 
Circle 0.0 1.0 0.0 -1016.08984375 -513.654296875 0.33203125 
Circle 0.0 1.0 0.0 -1015.251953125 -513.24609375 0.33203125 
Circle 0.0 1.0 0.0 -1015.9765625 -514.69140625 0.33203125 
Circle 0.0 1.0 0.0 -1015.15234375 -514.865234375 0.33203125 
Circle 0.0 1.0 0.0 -1016.419921875 -514.265625 0.33203125 
Circle 0.0 1.0 0.0 -1014.66796875 -513.583984375 0.33203125 
Circle 0.0 0.5019608 0.5019608 -1014.8212890625 -514.3203125 0.166015625 
Circle 0.0 0.5019608 0.5019608 -1014.6728515625 -514.078125 0.166015625 
Circle 0.0 0.5019608 0.5019608 -1014.5830078125 -514.275390625 0.166015625 
Circle 0.0 0.5019608 0.5019608 -1014.93359375 -514.150390625 0.166015625 
Rect 0.0 0.0 1.0 -1014.86572265625 -514.36181640625 -1014.803466796875 -514.3494873046875 0.0 
Rect 0.0 0.0 1.0 -1014.8131103515625 -514.304443359375 -1014.7750244140625 -514.3587646484375 0.0 
Rect 0.0 0.0 1.0 -1014.890625 -514.33154296875 -1014.828857421875 -514.318603515625 0.0 
Rect 0.0 0.0 1.0 -1014.86376953125 -514.304931640625 -1014.77587890625 -514.29345703125 0.0 
Rect 0.0 0.0 1.0 -1014.87890625 -514.280029296875 -1014.8408203125 -514.265380859375 0.0 
Rect 0.0 0.0 1.0 -1014.83154296875 -514.24951171875 -1014.78759765625 -514.25927734375 0.0 
Rect 0.0 0.0 1.0 -1014.756103515625 -514.295166015625 -1014.784912109375 -514.339111328125 0.0 
Rect 0.5019608 0.0 0.5019608 -1014.8537902832031 -514.3309020996094 -1014.8525390625 -514.3253173828125 0.0 
Rect 0.5019608 0.0 0.5019608 -1014.8499450683594 -514.3199768066406 -1014.8509521484375 -514.3271179199219 0.0 
Rect 0.5019608 0.0 0.5019608 -1014.8487548828125 -514.3317260742188 -1014.8480529785156 -514.3248291015625 0.0 
Rect 0.5019608 0.0 0.5019608 -1014.8469543457031 -514.3270263671875 -1014.8459777832031 -514.3197937011719 0.0 
Rect 0.5019608 0.0 0.5019608 -1014.8439636230469 -514.330810546875 -1014.8432006835938 -514.3237609863281 0.0 
Rect 0.54509807 0.27058825 0.07450981 -1014.8533887863159 -514.3271989822388 -1014.8532762527466 -514.3271007537842 0.0 
Rect 0.54509807 0.27058825 0.07450981 -1014.8531522750854 -514.3273458480835 -1014.8533525466919 -514.3274068832397 0.0 
Circle 0.54509807 0.27058825 0.07450981 -1014.8535509109497 -514.3274078369141 1.621246337890625E-4 
Circle 0.54509807 0.27058825 0.07450981 -1014.8531265258789 -514.3272047042847 1.621246337890625E-4 
Circle 0.54509807 0.27058825 0.07450981 -1014.853458404541 -514.327033996582 1.621246337890625E-4 
Circle 0.54509807 0.27058825 0.07450981 -1014.8535490036011 -514.3273124694824 1.621246337890625E-4 
Circle 0.54509807 0.27058825 0.07450981 -1014.8533134460449 -514.3272523880005 1.621246337890625E-4 
Circle 0.54509807 0.27058825 0.07450981 -1014.8532333374023 -514.3270502090454 1.621246337890625E-4 
Circle 0.0 0.0 1.0 -1014.8533570752625 -514.3272349869658 2.473825588822365E-9 
Circle 0.0 0.0 1.0 -1014.8533570773434 -514.3272349852195 2.473825588822365E-9 
Circle 0.0 0.0 1.0 -1014.8533570760192 -514.3272349832841 2.473825588822365E-9 
Circle 0.0 0.0 1.0 -1014.8533570730215 -514.3272349854087 2.473825588822365E-9 
Circle 1.0 0.0 0.0 -1014.8533570739673 -514.3272349830659 2.473825588822365E-9 
Circle 1.0 0.0 0.0 -1014.8533570733416 -514.3272349877952 2.473825588822365E-9 
Circle 1.0 0.0 0.0 -1014.8533570773725 -514.3272349872277 2.473825588822365E-9 
Circle 1.0 0.0 0.0 -1014.8533570752625 -514.3272349852195 2.473825588822365E-9 
Circle 1.0 1.0 0.0 -1014.8533569126739 -514.3272349851322 2.3283064365386963E-9 
Circle 1.0 1.0 0.0 -1014.8533572023152 -514.3272350659245 2.3283064365386963E-9 
Circle 1.0 1.0 0.0 -1014.8533569611027 -514.3272350808256 2.3283064365386963E-9 
Circle 1.0 1.0 0.0 -1014.8533571326989 -514.3272348938626 4.6566128730773926E-9 
Circle 0.0 0.5019608 0.0 -1014.8533570730906 -514.3272349861545 4.3655745685100555E-10 
Circle 0.5019608 0.0 0.5019608 -1014.8533570724358 -514.3272349850886 4.3655745685100555E-10 
Circle 1.0 1.0 0.0 -1014.8533570735563 -514.3272349851832 4.3655745685100555E-10 
Circle 0.0 1.0 1.0 -1014.8533576226582 -514.3272350480474 1.1175870895385742E-7 
Circle 0.0 1.0 1.0 -1014.8533804978033 -514.3272330783002 7.152557373046875E-6 
