Circle 0.0 1.0 0.0 -6.52835028992E11 -4.98216206336E11 5.49755813888E12 
Circle 0.5058824 0.39607844 0.0 -66244.0 -91702.0 81920.0 
Circle 0.5058824 0.39607844 0.0 -98244.0 -64822.0 102400.0 
Circle 0.5058824 0.39607844 0.0 -98244.0 -64822.0 102400.0 
Circle 0.5058824 0.39607844 0.0 -98244.0 -64822.0 102400.0 
Circle 0.5058824 0.39607844 0.0 -98244.0 -64822.0 102400.0 
Circle 0.5058824 0.39607844 0.0 -98244.0 -64822.0 102400.0 
Circle 0.5058824 0.39607844 0.0 -98244.0 -56630.0 102400.0 
Circle 0.5058824 0.39607844 0.0 -98244.0 -52534.0 102400.0 
Circle 0.5058824 0.39607844 0.0 -98244.0 -46390.0 102400.0 
Circle 0.5058824 0.39607844 0.0 -98244.0 -38198.0 102400.0 
Circle 0.5058824 0.39607844 0.0 -98244.0 -34102.0 102400.0 
Circle 0.5058824 0.39607844 0.0 -98244.0 -27958.0 102400.0 
Circle 0.5058824 0.39607844 0.0 -98244.0 -21814.0 102400.0 
Circle 0.5058824 0.39607844 0.0 -100292.0 -15670.0 102400.0 
Circle 0.5058824 0.39607844 0.0 -100292.0 -9526.0 102400.0 
Circle 0.5058824 0.39607844 0.0 -104388.0 -3382.0 102400.0 
Circle 0.5058824 0.39607844 0.0 -104388.0 2762.0 102400.0 
Circle 0.5058824 0.39607844 0.0 -104388.0 6858.0 102400.0 
Circle 0.5058824 0.39607844 0.0 -106436.0 13002.0 102400.0 
Circle 0.5058824 0.39607844 0.0 -106436.0 13002.0 102400.0 
Circle 0.5058824 0.39607844 0.0 -106436.0 13002.0 102400.0 
Circle 0.5058824 0.39607844 0.0 -106436.0 13002.0 102400.0 
Circle 0.5058824 0.39607844 0.0 -106436.0 13002.0 102400.0 
Circle 0.5058824 0.39607844 0.0 -106436.0 13002.0 102400.0 
Circle 0.5058824 0.39607844 0.0 -106436.0 13002.0 102400.0 
Circle 0.5058824 0.39607844 0.0 -106436.0 41674.0 102400.0 
Circle 0.5058824 0.39607844 0.0 -114628.0 51914.0 102400.0 
Circle 0.5058824 0.39607844 0.0 -120772.0 68298.0 102400.0 
Circle 0.5058824 0.39607844 0.0 -126916.0 88778.0 102400.0 
Circle 0.5058824 0.39607844 0.0 -133060.0 99018.0 102400.0 
Circle 0.5058824 0.39607844 0.0 -143300.0 111306.0 102400.0 
Circle 0.5058824 0.39607844 0.0 -149444.0 129738.0 102400.0 
Circle 0.5058824 0.39607844 0.0 -153540.0 139978.0 102400.0 
Circle 0.5058824 0.39607844 0.0 -163780.0 156362.0 102400.0 
Circle 0.5058824 0.39607844 0.0 -169924.0 168650.0 102400.0 
Circle 0.5058824 0.39607844 0.0 -174020.0 176842.0 102400.0 
Circle 0.5058824 0.39607844 0.0 -182212.0 193226.0 102400.0 
Circle 0.5058824 0.39607844 0.0 -190404.0 211658.0 102400.0 
Circle 0.5058824 0.39607844 0.0 -206788.0 240330.0 102400.0 
Circle 0.5058824 0.39607844 0.0 -219076.0 277194.0 102400.0 
Circle 0.5058824 0.39607844 0.0 -219076.0 277194.0 102400.0 
Circle 0.5058824 0.39607844 0.0 -227268.0 289482.0 102400.0 
Circle 0.5058824 0.39607844 0.0 -241604.0 309962.0 102400.0 
Circle 0.5058824 0.39607844 0.0 -268228.0 355018.0 102400.0 
Circle 0.5058824 0.39607844 0.0 -305092.0 393930.0 102400.0 
Circle 0.3529412 0.68235296 0.0 -122820.0 549578.0 204800.0 
Circle 0.3529412 0.68235296 0.0 -122820.0 549578.0 204800.0 
Circle 0.3529412 0.68235296 0.0 -122820.0 549578.0 204800.0 
Circle 0.3529412 0.68235296 0.0 -110532.0 516810.0 204800.0 
Circle 0.3529412 0.68235296 0.0 -110532.0 418506.0 204800.0 
Circle 0.3529412 0.68235296 0.0 -98244.0 262858.0 204800.0 
Circle 0.3529412 0.68235296 0.0 -94148.0 213706.0 204800.0 
Circle 0.3529412 0.68235296 0.0 -85956.0 172746.0 204800.0 
Circle 0.3529412 0.68235296 0.0 -85956.0 172746.0 204800.0 
Circle 0.3529412 0.68235296 0.0 -85956.0 172746.0 204800.0 
Circle 0.3529412 0.68235296 0.0 -85956.0 172746.0 204800.0 
Circle 0.3529412 0.68235296 0.0 -73668.0 168650.0 204800.0 
Circle 0.3529412 0.68235296 0.0 -53188.0 164554.0 204800.0 
Circle 0.3529412 0.68235296 0.0 -73668.0 -89398.0 204800.0 
Circle 0.3529412 0.68235296 0.0 -73668.0 -89398.0 204800.0 
Circle 0.3529412 0.68235296 0.0 -69572.0 -73014.0 204800.0 
Circle 0.3529412 0.68235296 0.0 -40900.0 -11574.0 204800.0 
Circle 0.3529412 0.68235296 0.0 -8132.0 53962.0 204800.0 
Circle 0.3529412 0.68235296 0.0 4156.0 86730.0 204800.0 
Circle 0.3529412 0.68235296 0.0 8252.0 107210.0 204800.0 
Circle 0.3529412 0.68235296 0.0 8252.0 127690.0 204800.0 
Circle 0.3529412 0.68235296 0.0 8252.0 148170.0 204800.0 
Circle 0.3529412 0.68235296 0.0 8252.0 193226.0 204800.0 
Circle 0.3529412 0.68235296 0.0 8252.0 234186.0 204800.0 
Circle 0.3529412 0.68235296 0.0 -8132.0 287434.0 204800.0 
Circle 0.3529412 0.68235296 0.0 -24516.0 348874.0 204800.0 
Circle 0.3529412 0.68235296 0.0 -49092.0 414410.0 204800.0 
Circle 0.3529412 0.68235296 0.0 -94148.0 516810.0 204800.0 
Circle 0.3529412 0.68235296 0.0 -151492.0 602826.0 204800.0 
Circle 0.3529412 0.68235296 0.0 -184260.0 639690.0 204800.0 
Circle 0.3529412 0.68235296 0.0 -192452.0 647882.0 204800.0 
Circle 0.3529412 0.68235296 0.0 -192452.0 647882.0 204800.0 
Circle 0.3529412 0.68235296 0.0 -192452.0 647882.0 204800.0 
Circle 0.3529412 0.68235296 0.0 -217028.0 627402.0 204800.0 
Circle 0.3529412 0.68235296 0.0 -380868.0 479946.0 204800.0 
Circle 0.3529412 0.68235296 0.0 -380868.0 479946.0 204800.0 
Circle 0.3529412 0.68235296 0.0 -384964.0 479946.0 204800.0 
Circle 0.3529412 0.68235296 0.0 -384964.0 479946.0 204800.0 
Circle 0.3529412 0.68235296 0.0 -335812.0 479946.0 204800.0 
Circle 0.3529412 0.68235296 0.0 -245700.0 479946.0 204800.0 
Circle 0.3529412 0.68235296 0.0 -147396.0 443082.0 204800.0 
Circle 0.3529412 0.68235296 0.0 -44996.0 393930.0 204800.0 
Circle 0.3529412 0.68235296 0.0 53308.0 340682.0 204800.0 
Circle 0.3529412 0.68235296 0.0 114748.0 316106.0 204800.0 
Circle 0.3529412 0.68235296 0.0 151612.0 283338.0 204800.0 
Circle 0.3529412 0.68235296 0.0 151612.0 279242.0 204800.0 
Circle 0.3529412 0.68235296 0.0 151612.0 279242.0 204800.0 
Circle 0.3529412 0.68235296 0.0 151612.0 246474.0 204800.0 
Circle 0.3529412 0.68235296 0.0 147516.0 246474.0 204800.0 
Circle 0.3529412 0.68235296 0.0 110652.0 316106.0 204800.0 
Circle 0.3529412 0.68235296 0.0 32828.0 443082.0 204800.0 
Circle 0.3529412 0.68235296 0.0 -102340.0 627402.0 204800.0 
Circle 0.3529412 0.68235296 0.0 -180164.0 713418.0 204800.0 
Circle 0.3529412 0.68235296 0.0 -188356.0 729802.0 204800.0 
Circle 0.3529412 0.68235296 0.0 -188356.0 729802.0 204800.0 
Circle 0.3529412 0.68235296 0.0 -188356.0 729802.0 204800.0 
Circle 0.3529412 0.68235296 0.0 -270276.0 266954.0 204800.0 
Circle 0.3529412 0.68235296 0.0 -270276.0 266954.0 204800.0 
Circle 0.3529412 0.68235296 0.0 -270276.0 266954.0 204800.0 
Circle 0.3529412 0.68235296 0.0 -270276.0 266954.0 204800.0 
Circle 0.3529412 0.68235296 0.0 -266180.0 266954.0 204800.0 
Circle 0.3529412 0.68235296 0.0 -221124.0 275146.0 204800.0 
Circle 0.3529412 0.68235296 0.0 -196548.0 287434.0 204800.0 
Circle 0.3529412 0.68235296 0.0 -192452.0 295626.0 204800.0 
Circle 0.3529412 0.68235296 0.0 -180164.0 295626.0 204800.0 
Circle 0.3529412 0.68235296 0.0 -176068.0 307914.0 204800.0 
Circle 0.3529412 0.68235296 0.0 -167876.0 316106.0 204800.0 
Circle 0.3529412 0.68235296 0.0 -159684.0 332490.0 204800.0 
Circle 0.3529412 0.68235296 0.0 -155588.0 336586.0 204800.0 
Circle 0.3529412 0.68235296 0.0 -151492.0 340682.0 204800.0 
Circle 0.3529412 0.68235296 0.0 -143300.0 340682.0 204800.0 
Circle 0.3529412 0.68235296 0.0 -143300.0 340682.0 204800.0 
Circle 0.3529412 0.68235296 0.0 -143300.0 340682.0 204800.0 
Circle 0.61960787 0.69411767 0.0 741436.0 230090.0 81920.0 
Circle 0.61960787 0.69411767 0.0 741436.0 230090.0 81920.0 
Circle 0.61960787 0.69411767 0.0 741436.0 230090.0 81920.0 
Circle 0.61960787 0.69411767 0.0 716860.0 230090.0 81920.0 
Circle 0.61960787 0.69411767 0.0 618556.0 230090.0 81920.0 
Circle 0.61960787 0.69411767 0.0 495676.0 164554.0 81920.0 
Circle 0.61960787 0.69411767 0.0 413756.0 107210.0 81920.0 
Circle 0.61960787 0.69411767 0.0 315452.0 58058.0 81920.0 
Circle 0.61960787 0.69411767 0.0 249916.0 25290.0 81920.0 
Circle 0.61960787 0.69411767 0.0 225340.0 714.0 81920.0 
Circle 0.61960787 0.69411767 0.0 208956.0 -7478.0 81920.0 
Circle 0.61960787 0.69411767 0.0 192572.0 -23862.0 81920.0 
Circle 0.61960787 0.69411767 0.0 159804.0 -40246.0 81920.0 
Circle 0.61960787 0.69411767 0.0 151612.0 -48438.0 81920.0 
Circle 0.61960787 0.69411767 0.0 151612.0 -56630.0 81920.0 
Circle 0.61960787 0.69411767 0.0 143420.0 -56630.0 81920.0 
Circle 0.61960787 0.69411767 0.0 143420.0 -56630.0 81920.0 
Circle 0.61960787 0.69411767 0.0 143420.0 -56630.0 81920.0 
Circle 0.61960787 0.69411767 0.0 143420.0 -56630.0 81920.0 
Circle 0.61960787 0.69411767 0.0 143420.0 -56630.0 81920.0 
Circle 0.61960787 0.69411767 0.0 143420.0 -56630.0 81920.0 
Circle 0.61960787 0.69411767 0.0 143420.0 -56630.0 81920.0 
Circle 0.61960787 0.69411767 0.0 626748.0 5292746.0 163840.0 
Circle 0.61960787 0.69411767 0.0 626748.0 5292746.0 163840.0 
Circle 0.61960787 0.69411767 0.0 626748.0 5292746.0 163840.0 
Circle 0.61960787 0.69411767 0.0 626748.0 5292746.0 163840.0 
Circle 0.61960787 0.69411767 0.0 626748.0 5292746.0 163840.0 
Circle 0.61960787 0.69411767 0.0 626748.0 5292746.0 163840.0 
Circle 0.61960787 0.69411767 0.0 626748.0 5358282.0 163840.0 
Circle 0.61960787 0.69411767 0.0 512060.0 5456586.0 163840.0 
Circle 0.61960787 0.69411767 0.0 397372.0 5538506.0 163840.0 
Circle 0.61960787 0.69411767 0.0 348220.0 5587658.0 163840.0 
Circle 0.61960787 0.69411767 0.0 331836.0 5636810.0 163840.0 
Circle 0.61960787 0.69411767 0.0 315452.0 5669578.0 163840.0 
Circle 0.61960787 0.69411767 0.0 282684.0 5718730.0 163840.0 
Circle 0.61960787 0.69411767 0.0 249916.0 5784266.0 163840.0 
Circle 0.61960787 0.69411767 0.0 217148.0 5833418.0 163840.0 
Circle 0.61960787 0.69411767 0.0 151612.0 5898954.0 163840.0 
Circle 0.61960787 0.69411767 0.0 102460.0 5931722.0 163840.0 
Circle 0.61960787 0.69411767 0.0 86076.0 5964490.0 163840.0 
Circle 0.61960787 0.69411767 0.0 36924.0 6030026.0 163840.0 
Circle 0.61960787 0.69411767 0.0 -12228.0 6128330.0 163840.0 
Circle 0.61960787 0.69411767 0.0 -28612.0 6193866.0 163840.0 
Circle 0.61960787 0.69411767 0.0 -61380.0 6210250.0 163840.0 
Circle 0.61960787 0.69411767 0.0 -61380.0 6243018.0 163840.0 
Circle 0.61960787 0.69411767 0.0 -94148.0 6275786.0 163840.0 
Circle 0.61960787 0.69411767 0.0 -110532.0 6324938.0 163840.0 
Circle 0.61960787 0.69411767 0.0 -126916.0 6390474.0 163840.0 
Circle 0.61960787 0.69411767 0.0 -143300.0 6423242.0 163840.0 
Circle 0.61960787 0.69411767 0.0 -159684.0 6456010.0 163840.0 
Circle 0.61960787 0.69411767 0.0 -192452.0 6488778.0 163840.0 
Circle 0.61960787 0.69411767 0.0 -192452.0 6505162.0 163840.0 
Circle 0.61960787 0.69411767 0.0 -225220.0 6505162.0 163840.0 
Circle 0.61960787 0.69411767 0.0 -290756.0 6603466.0 163840.0 
Circle 0.61960787 0.69411767 0.0 -339908.0 6652618.0 163840.0 
Circle 0.61960787 0.69411767 0.0 -372676.0 6701770.0 163840.0 
Circle 0.61960787 0.69411767 0.0 -421828.0 6767306.0 163840.0 
Circle 0.61960787 0.69411767 0.0 -470980.0 6832842.0 163840.0 
Circle 0.61960787 0.69411767 0.0 -520132.0 6898378.0 163840.0 
Circle 0.61960787 0.69411767 0.0 -585668.0 6980298.0 163840.0 
Circle 0.61960787 0.69411767 0.0 -634820.0 7045834.0 163840.0 
Circle 0.61960787 0.69411767 0.0 -733124.0 7127754.0 163840.0 
Circle 0.61960787 0.69411767 0.0 -782276.0 7160522.0 163840.0 
Circle 0.61960787 0.69411767 0.0 -847812.0 7209674.0 163840.0 
Circle 0.61960787 0.69411767 0.0 -847812.0 7209674.0 163840.0 
Circle 0.61960787 0.69411767 0.0 -880580.0 7209674.0 163840.0 
Circle 0.61960787 0.69411767 0.0 -929732.0 7226058.0 163840.0 
Circle 0.61960787 0.69411767 0.0 -962500.0 7242442.0 163840.0 
Circle 0.61960787 0.69411767 0.0 -962500.0 7242442.0 163840.0 
Circle 0.61960787 0.69411767 0.0 -978884.0 7242442.0 163840.0 
Circle 0.61960787 0.69411767 0.0 -978884.0 7242442.0 163840.0 
Circle 0.61960787 0.69411767 0.0 -1011652.0 7242442.0 163840.0 
Circle 0.61960787 0.69411767 0.0 -1011652.0 7242442.0 163840.0 
Circle 0.61960787 0.69411767 0.0 -1011652.0 7242442.0 163840.0 
Circle 0.61960787 0.69411767 0.0 -1044420.0 7307978.0 163840.0 
Circle 0.61960787 0.69411767 0.0 -1044420.0 7340746.0 163840.0 
Circle 0.61960787 0.69411767 0.0 -1044420.0 7340746.0 163840.0 
Circle 0.61960787 0.69411767 0.0 -1028036.0 7340746.0 163840.0 
Circle 0.61960787 0.69411767 0.0 -978884.0 7340746.0 163840.0 
Circle 0.61960787 0.69411767 0.0 -962500.0 7340746.0 163840.0 
Circle 0.61960787 0.69411767 0.0 -913348.0 7340746.0 163840.0 
Circle 0.61960787 0.69411767 0.0 -651204.0 7340746.0 163840.0 
Circle 0.61960787 0.69411767 0.0 -192452.0 7340746.0 163840.0 
Circle 0.61960787 0.69411767 0.0 20540.0 7307978.0 163840.0 
Circle 0.61960787 0.69411767 0.0 167996.0 7242442.0 163840.0 
Circle 0.61960787 0.69411767 0.0 249916.0 7193290.0 163840.0 
Circle 0.61960787 0.69411767 0.0 266300.0 7160522.0 163840.0 
Circle 0.61960787 0.69411767 0.0 315452.0 7144138.0 163840.0 
Circle 0.61960787 0.69411767 0.0 348220.0 7127754.0 163840.0 
Circle 0.61960787 0.69411767 0.0 397372.0 7111370.0 163840.0 
Circle 0.61960787 0.69411767 0.0 479292.0 7078602.0 163840.0 
Circle 0.61960787 0.69411767 0.0 512060.0 7045834.0 163840.0 
Circle 0.61960787 0.69411767 0.0 528444.0 7029450.0 163840.0 
Circle 0.61960787 0.69411767 0.0 561212.0 6996682.0 163840.0 
Circle 0.61960787 0.69411767 0.0 610364.0 6947530.0 163840.0 
Circle 0.61960787 0.69411767 0.0 643132.0 6931146.0 163840.0 
Circle 0.61960787 0.69411767 0.0 692284.0 6881994.0 163840.0 
Circle 0.61960787 0.69411767 0.0 757820.0 6783690.0 163840.0 
Circle 0.61960787 0.69411767 0.0 806972.0 6701770.0 163840.0 
Circle 0.61960787 0.69411767 0.0 806972.0 6636234.0 163840.0 
Circle 0.61960787 0.69411767 0.0 823356.0 6619850.0 163840.0 
Circle 0.61960787 0.69411767 0.0 872508.0 6537930.0 163840.0 
Circle 0.61960787 0.69411767 0.0 888892.0 6439626.0 163840.0 
Circle 0.61960787 0.69411767 0.0 921660.0 6324938.0 163840.0 
Circle 0.61960787 0.69411767 0.0 921660.0 6275786.0 163840.0 
Circle 0.61960787 0.69411767 0.0 938044.0 6193866.0 163840.0 
Circle 0.61960787 0.69411767 0.0 970812.0 6111946.0 163840.0 
Circle 0.61960787 0.69411767 0.0 970812.0 6013642.0 163840.0 
Circle 0.61960787 0.69411767 0.0 970812.0 5915338.0 163840.0 
Circle 0.61960787 0.69411767 0.0 970812.0 5800650.0 163840.0 
Circle 0.61960787 0.69411767 0.0 970812.0 5735114.0 163840.0 
Circle 0.61960787 0.69411767 0.0 970812.0 5653194.0 163840.0 
Circle 0.61960787 0.69411767 0.0 970812.0 5587658.0 163840.0 
Circle 0.61960787 0.69411767 0.0 970812.0 5554890.0 163840.0 
Circle 0.61960787 0.69411767 0.0 970812.0 5538506.0 163840.0 
Circle 0.61960787 0.69411767 0.0 987196.0 5440202.0 163840.0 
Circle 0.61960787 0.69411767 0.0 987196.0 5407434.0 163840.0 
Circle 0.61960787 0.69411767 0.0 987196.0 5358282.0 163840.0 
Circle 0.61960787 0.69411767 0.0 987196.0 5309130.0 163840.0 
Circle 0.61960787 0.69411767 0.0 987196.0 5292746.0 163840.0 
Circle 0.61960787 0.69411767 0.0 970812.0 5259978.0 163840.0 
Circle 0.61960787 0.69411767 0.0 954428.0 5259978.0 163840.0 
Circle 0.61960787 0.69411767 0.0 921660.0 5227210.0 163840.0 
Circle 0.61960787 0.69411767 0.0 872508.0 5227210.0 163840.0 
Circle 0.61960787 0.69411767 0.0 856124.0 5227210.0 163840.0 
Circle 0.61960787 0.69411767 0.0 823356.0 5227210.0 163840.0 
Circle 0.61960787 0.69411767 0.0 757820.0 5227210.0 163840.0 
Circle 0.61960787 0.69411767 0.0 708668.0 5210826.0 163840.0 
Circle 0.61960787 0.69411767 0.0 692284.0 5210826.0 163840.0 
Circle 0.61960787 0.69411767 0.0 692284.0 5210826.0 163840.0 
Circle 0.61960787 0.69411767 0.0 692284.0 5210826.0 163840.0 
Circle 0.61960787 0.69411767 0.0 692284.0 5210826.0 163840.0 
Circle 0.61960787 0.69411767 0.0 692284.0 5210826.0 163840.0 
Circle 0.61960787 0.69411767 0.0 692284.0 5210826.0 163840.0 
Circle 0.61960787 0.69411767 0.0 692284.0 5210826.0 163840.0 
Circle 0.61960787 0.69411767 0.0 659516.0 5210826.0 163840.0 
Circle 0.61960787 0.69411767 0.0 643132.0 5210826.0 163840.0 
Circle 0.61960787 0.69411767 0.0 593980.0 5210826.0 163840.0 
Circle 0.61960787 0.69411767 0.0 479292.0 5309130.0 163840.0 
Circle 0.61960787 0.69411767 0.0 413756.0 5456586.0 163840.0 
Circle 0.61960787 0.69411767 0.0 413756.0 5472970.0 163840.0 
Circle 0.61960787 0.69411767 0.0 413756.0 5538506.0 163840.0 
Circle 0.61960787 0.69411767 0.0 364604.0 5620426.0 163840.0 
Circle 0.61960787 0.69411767 0.0 348220.0 5702346.0 163840.0 
Circle 0.61960787 0.69411767 0.0 266300.0 5833418.0 163840.0 
Circle 0.61960787 0.69411767 0.0 118844.0 6079178.0 163840.0 
Circle 0.61960787 0.69411767 0.0 20540.0 6193866.0 163840.0 
Circle 0.61960787 0.69411767 0.0 4156.0 6243018.0 163840.0 
Circle 0.61960787 0.69411767 0.0 -12228.0 6259402.0 163840.0 
Circle 0.61960787 0.69411767 0.0 -44996.0 6292170.0 163840.0 
Circle 0.61960787 0.69411767 0.0 -44996.0 6324938.0 163840.0 
Circle 0.61960787 0.69411767 0.0 -798660.0 7242442.0 163840.0 
Circle 0.61960787 0.69411767 0.0 -798660.0 7242442.0 163840.0 
Circle 0.61960787 0.69411767 0.0 -765892.0 7242442.0 163840.0 
Circle 0.61960787 0.69411767 0.0 -733124.0 7226058.0 163840.0 
Circle 0.61960787 0.69411767 0.0 -651204.0 7226058.0 163840.0 
Circle 0.61960787 0.69411767 0.0 -585668.0 7226058.0 163840.0 
Circle 0.61960787 0.69411767 0.0 -520132.0 7226058.0 163840.0 
Circle 0.61960787 0.69411767 0.0 -438212.0 7226058.0 163840.0 
Circle 0.61960787 0.69411767 0.0 -372676.0 7226058.0 163840.0 
Circle 0.61960787 0.69411767 0.0 -274372.0 7226058.0 163840.0 
Circle 0.61960787 0.69411767 0.0 -176068.0 7226058.0 163840.0 
Circle 0.61960787 0.69411767 0.0 -143300.0 7226058.0 163840.0 
Circle 0.61960787 0.69411767 0.0 -61380.0 7226058.0 163840.0 
Circle 0.61960787 0.69411767 0.0 36924.0 7226058.0 163840.0 
Circle 0.61960787 0.69411767 0.0 102460.0 7226058.0 163840.0 
Circle 0.61960787 0.69411767 0.0 151612.0 7226058.0 163840.0 
Circle 0.61960787 0.69411767 0.0 184380.0 7226058.0 163840.0 
Circle 0.61960787 0.69411767 0.0 184380.0 7226058.0 163840.0 
Circle 0.61960787 0.69411767 0.0 184380.0 7226058.0 163840.0 
Circle 0.61960787 0.69411767 0.0 184380.0 7226058.0 163840.0 
Circle 1.0 1.0 0.0 528444.0 5685962.0 163840.0 
Circle 1.0 1.0 0.0 528444.0 5685962.0 163840.0 
Circle 1.0 1.0 0.0 528444.0 5685962.0 163840.0 
Circle 1.0 1.0 0.0 528444.0 5685962.0 163840.0 
Circle 1.0 1.0 0.0 495676.0 5767882.0 163840.0 
Circle 1.0 1.0 0.0 397372.0 5882570.0 163840.0 
Circle 1.0 1.0 0.0 299068.0 6013642.0 163840.0 
Circle 1.0 1.0 0.0 249916.0 6046410.0 163840.0 
Circle 1.0 1.0 0.0 184380.0 6128330.0 163840.0 
Circle 1.0 1.0 0.0 118844.0 6210250.0 163840.0 
Circle 1.0 1.0 0.0 118844.0 6226634.0 163840.0 
Circle 1.0 1.0 0.0 118844.0 6243018.0 163840.0 
Circle 1.0 1.0 0.0 102460.0 6259402.0 163840.0 
Circle 1.0 1.0 0.0 86076.0 6308554.0 163840.0 
Circle 1.0 1.0 0.0 86076.0 6308554.0 163840.0 
Circle 1.0 1.0 0.0 86076.0 6357706.0 163840.0 
Circle 1.0 1.0 0.0 53308.0 6406858.0 163840.0 
Circle 1.0 1.0 0.0 20540.0 6439626.0 163840.0 
Circle 1.0 1.0 0.0 4156.0 6456010.0 163840.0 
Circle 1.0 1.0 0.0 -28612.0 6505162.0 163840.0 
Circle 1.0 1.0 0.0 -61380.0 6537930.0 163840.0 
Circle 1.0 1.0 0.0 -110532.0 6603466.0 163840.0 
Circle 1.0 1.0 0.0 -110532.0 6619850.0 163840.0 
Circle 1.0 1.0 0.0 -143300.0 6669002.0 163840.0 
Circle 1.0 1.0 0.0 -159684.0 6685386.0 163840.0 
Circle 1.0 1.0 0.0 -192452.0 6718154.0 163840.0 
Circle 1.0 1.0 0.0 -208836.0 6734538.0 163840.0 
Circle 1.0 1.0 0.0 -225220.0 6750922.0 163840.0 
Circle 1.0 1.0 0.0 -225220.0 6750922.0 163840.0 
Circle 1.0 1.0 0.0 -241604.0 6783690.0 163840.0 
Circle 1.0 1.0 0.0 -257988.0 6849226.0 163840.0 
Circle 1.0 1.0 0.0 -290756.0 6898378.0 163840.0 
Circle 1.0 1.0 0.0 -339908.0 6947530.0 163840.0 
Circle 1.0 1.0 0.0 -339908.0 6947530.0 163840.0 
Circle 1.0 1.0 0.0 -372676.0 6963914.0 163840.0 
Circle 1.0 1.0 0.0 -389060.0 6980298.0 163840.0 
Circle 1.0 1.0 0.0 -389060.0 6980298.0 163840.0 
Circle 1.0 1.0 0.0 -389060.0 6980298.0 163840.0 
Circle 1.0 1.0 0.0 -389060.0 6980298.0 163840.0 
Circle 1.0 1.0 0.0 -389060.0 6980298.0 163840.0 
Circle 1.0 1.0 0.0 -389060.0 6980298.0 163840.0 
Circle 1.0 1.0 0.0 -389060.0 6980298.0 163840.0 
Circle 1.0 1.0 0.0 -389060.0 6980298.0 163840.0 
Circle 1.0 1.0 0.0 -192452.0 7045834.0 163840.0 
Circle 1.0 1.0 0.0 36924.0 7045834.0 163840.0 
Circle 1.0 1.0 0.0 86076.0 7045834.0 163840.0 
Circle 1.0 1.0 0.0 118844.0 7045834.0 163840.0 
Circle 1.0 1.0 0.0 184380.0 7045834.0 163840.0 
Circle 1.0 1.0 0.0 200764.0 7045834.0 163840.0 
Circle 1.0 1.0 0.0 282684.0 7013066.0 163840.0 
Circle 1.0 1.0 0.0 331836.0 6996682.0 163840.0 
Circle 1.0 1.0 0.0 348220.0 6996682.0 163840.0 
Circle 1.0 1.0 0.0 380988.0 6963914.0 163840.0 
Circle 1.0 1.0 0.0 413756.0 6931146.0 163840.0 
Circle 1.0 1.0 0.0 413756.0 6881994.0 163840.0 
Circle 1.0 1.0 0.0 413756.0 6865610.0 163840.0 
Circle 1.0 1.0 0.0 430140.0 6832842.0 163840.0 
Circle 1.0 1.0 0.0 528444.0 6767306.0 163840.0 
Circle 1.0 1.0 0.0 528444.0 6767306.0 163840.0 
Circle 1.0 1.0 0.0 544828.0 6734538.0 163840.0 
Circle 1.0 1.0 0.0 561212.0 6685386.0 163840.0 
Circle 1.0 1.0 0.0 593980.0 6652618.0 163840.0 
Circle 1.0 1.0 0.0 610364.0 6636234.0 163840.0 
Circle 1.0 1.0 0.0 643132.0 6570698.0 163840.0 
Circle 1.0 1.0 0.0 643132.0 6554314.0 163840.0 
Circle 1.0 1.0 0.0 675900.0 6488778.0 163840.0 
Circle 1.0 1.0 0.0 692284.0 6374090.0 163840.0 
Circle 1.0 1.0 0.0 692284.0 6243018.0 163840.0 
Circle 1.0 1.0 0.0 692284.0 6144714.0 163840.0 
Circle 1.0 1.0 0.0 692284.0 6095562.0 163840.0 
Circle 1.0 1.0 0.0 692284.0 6062794.0 163840.0 
Circle 1.0 1.0 0.0 692284.0 6030026.0 163840.0 
Circle 1.0 1.0 0.0 692284.0 5964490.0 163840.0 
Circle 1.0 1.0 0.0 692284.0 5898954.0 163840.0 
Circle 1.0 1.0 0.0 725052.0 5833418.0 163840.0 
Circle 1.0 1.0 0.0 725052.0 5784266.0 163840.0 
Circle 1.0 1.0 0.0 725052.0 5751498.0 163840.0 
Circle 1.0 1.0 0.0 725052.0 5620426.0 163840.0 
Circle 1.0 1.0 0.0 725052.0 5505738.0 163840.0 
Circle 1.0 1.0 0.0 757820.0 5407434.0 163840.0 
Circle 1.0 1.0 0.0 757820.0 5358282.0 163840.0 
Circle 1.0 1.0 0.0 757820.0 5358282.0 163840.0 
Circle 1.0 1.0 0.0 757820.0 5358282.0 163840.0 
Circle 1.0 1.0 0.0 757820.0 5358282.0 163840.0 
Circle 1.0 1.0 0.0 757820.0 5358282.0 163840.0 
Circle 1.0 1.0 0.0 757820.0 5358282.0 163840.0 
Circle 1.0 1.0 0.0 659516.0 5669578.0 163840.0 
Circle 1.0 1.0 0.0 446524.0 5997258.0 163840.0 
Circle 1.0 1.0 0.0 364604.0 6111946.0 163840.0 
Circle 1.0 1.0 0.0 282684.0 6226634.0 163840.0 
Circle 1.0 1.0 0.0 184380.0 6292170.0 163840.0 
Circle 1.0 1.0 0.0 151612.0 6357706.0 163840.0 
Circle 1.0 1.0 0.0 151612.0 6357706.0 163840.0 
Circle 1.0 1.0 0.0 151612.0 6357706.0 163840.0 
Circle 1.0 1.0 0.0 151612.0 6357706.0 163840.0 
Circle 1.0 1.0 0.0 184380.0 6292170.0 163840.0 
Circle 1.0 1.0 0.0 675900.0 5817034.0 163840.0 
Circle 1.0 1.0 0.0 987196.0 5554890.0 163840.0 
Circle 1.0 1.0 0.0 987196.0 5554890.0 163840.0 
Circle 1.0 1.0 0.0 938044.0 5685962.0 163840.0 
Circle 1.0 1.0 0.0 659516.0 6095562.0 163840.0 
Circle 1.0 1.0 0.0 462908.0 6324938.0 163840.0 
Circle 1.0 1.0 0.0 446524.0 6357706.0 163840.0 
Circle 1.0 1.0 0.0 446524.0 6357706.0 163840.0 
Circle 1.0 1.0 0.0 446524.0 6357706.0 163840.0 
Circle 1.0 1.0 0.0 446524.0 6357706.0 163840.0 
Circle 1.0 1.0 0.0 446524.0 6357706.0 163840.0 
Circle 1.0 1.0 0.0 446524.0 6357706.0 163840.0 
Circle 1.0 1.0 0.0 266300.0 6603466.0 163840.0 
Circle 1.0 1.0 0.0 200764.0 6685386.0 163840.0 
Circle 1.0 1.0 0.0 200764.0 6685386.0 163840.0 
Circle 1.0 1.0 0.0 184380.0 6669002.0 163840.0 
Circle 1.0 1.0 0.0 282684.0 6439626.0 163840.0 
Circle 1.0 1.0 0.0 315452.0 6406858.0 163840.0 
Circle 1.0 1.0 0.0 315452.0 6406858.0 163840.0 
Circle 1.0 1.0 0.0 151612.0 6603466.0 163840.0 
Circle 1.0 1.0 0.0 151612.0 6603466.0 163840.0 
Circle 1.0 1.0 0.0 151612.0 6603466.0 163840.0 
Circle 1.0 1.0 0.0 151612.0 6554314.0 163840.0 
Circle 1.0 1.0 0.0 233532.0 6456010.0 163840.0 
Circle 1.0 1.0 0.0 233532.0 6456010.0 163840.0 
Circle 1.0 1.0 0.0 217148.0 6619850.0 163840.0 
Circle 1.0 1.0 0.0 184380.0 6669002.0 163840.0 
Circle 1.0 1.0 0.0 184380.0 6669002.0 163840.0 
Circle 1.0 1.0 0.0 151612.0 6669002.0 163840.0 
Circle 1.0 1.0 0.0 151612.0 6636234.0 163840.0 
Circle 1.0 1.0 0.0 151612.0 6636234.0 163840.0 
Circle 1.0 1.0 0.0 151612.0 6619850.0 163840.0 
Circle 1.0 1.0 0.0 -143300.0 6898378.0 163840.0 
Circle 1.0 1.0 0.0 -405444.0 7045834.0 163840.0 
Circle 1.0 1.0 0.0 -405444.0 7045834.0 163840.0 
Circle 1.0 1.0 0.0 -405444.0 6996682.0 163840.0 
Circle 1.0 1.0 0.0 -372676.0 6931146.0 163840.0 
Circle 1.0 1.0 0.0 -290756.0 6849226.0 163840.0 
Circle 1.0 1.0 0.0 -274372.0 6832842.0 163840.0 
Circle 1.0 1.0 0.0 -176068.0 6832842.0 163840.0 
Circle 1.0 1.0 0.0 -77764.0 6783690.0 163840.0 
Circle 1.0 1.0 0.0 184380.0 6701770.0 163840.0 
Circle 1.0 1.0 0.0 249916.0 6652618.0 163840.0 
Circle 1.0 1.0 0.0 249916.0 6652618.0 163840.0 
Circle 1.0 1.0 0.0 249916.0 6652618.0 163840.0 
Circle 1.0 1.0 0.0 266300.0 6652618.0 163840.0 
Circle 1.0 1.0 0.0 266300.0 6734538.0 163840.0 
Circle 1.0 1.0 0.0 266300.0 6800074.0 163840.0 
Circle 1.0 1.0 0.0 266300.0 6800074.0 163840.0 
Circle 1.0 1.0 0.0 266300.0 6800074.0 163840.0 
Circle 1.0 1.0 0.0 266300.0 6800074.0 163840.0 
Circle 1.0 1.0 0.0 266300.0 6800074.0 163840.0 
Circle 1.0 1.0 0.0 249916.0 6800074.0 163840.0 
Circle 1.0 1.0 0.0 233532.0 6783690.0 163840.0 
Circle 1.0 1.0 0.0 -176068.0 6980298.0 163840.0 
Circle 1.0 1.0 0.0 -323524.0 7029450.0 163840.0 
Circle 1.0 1.0 0.0 -323524.0 7029450.0 163840.0 
Circle 1.0 1.0 0.0 -339908.0 6996682.0 163840.0 
Circle 1.0 1.0 0.0 -323524.0 6849226.0 163840.0 
Circle 1.0 1.0 0.0 -192452.0 6669002.0 163840.0 
Circle 1.0 1.0 0.0 -143300.0 6619850.0 163840.0 
Circle 1.0 1.0 0.0 -110532.0 6619850.0 163840.0 
Circle 1.0 1.0 0.0 -61380.0 6619850.0 163840.0 
Circle 1.0 1.0 0.0 -61380.0 6619850.0 163840.0 
Circle 1.0 1.0 0.0 -12228.0 6619850.0 163840.0 
Circle 1.0 1.0 0.0 -28612.0 6849226.0 163840.0 
Circle 1.0 1.0 0.0 -44996.0 6881994.0 163840.0 
Circle 1.0 1.0 0.0 -44996.0 6881994.0 163840.0 
Circle 1.0 1.0 0.0 -44996.0 6881994.0 163840.0 
Circle 1.0 1.0 0.0 -28612.0 6849226.0 163840.0 
Circle 1.0 1.0 0.0 69692.0 6800074.0 163840.0 
Circle 1.0 1.0 0.0 86076.0 6800074.0 163840.0 
Circle 1.0 1.0 0.0 86076.0 6800074.0 163840.0 
Circle 1.0 1.0 0.0 102460.0 6832842.0 163840.0 
Circle 1.0 1.0 0.0 102460.0 6881994.0 163840.0 
Circle 1.0 1.0 0.0 167996.0 6800074.0 163840.0 
Circle 1.0 1.0 0.0 593980.0 6505162.0 163840.0 
Circle 1.0 1.0 0.0 790588.0 6357706.0 163840.0 
Circle 1.0 1.0 0.0 790588.0 6357706.0 163840.0 
Circle 1.0 1.0 0.0 839740.0 6292170.0 163840.0 
Circle 1.0 1.0 0.0 888892.0 6177482.0 163840.0 
Circle 1.0 1.0 0.0 921660.0 6128330.0 163840.0 
Circle 1.0 1.0 0.0 921660.0 6111946.0 163840.0 
Circle 1.0 1.0 0.0 921660.0 6111946.0 163840.0 
Circle 1.0 1.0 0.0 921660.0 6111946.0 163840.0 
Circle 1.0 1.0 0.0 593980.0 6308554.0 163840.0 
Circle 1.0 1.0 0.0 380988.0 6439626.0 163840.0 
Circle 1.0 1.0 0.0 380988.0 6439626.0 163840.0 
Circle 1.0 1.0 0.0 380988.0 6439626.0 163840.0 
Circle 1.0 1.0 0.0 413756.0 6357706.0 163840.0 
Circle 1.0 1.0 0.0 544828.0 6177482.0 163840.0 
Circle 1.0 1.0 0.0 593980.0 6079178.0 163840.0 
Circle 1.0 1.0 0.0 643132.0 5980874.0 163840.0 
Circle 1.0 1.0 0.0 659516.0 5882570.0 163840.0 
Circle 1.0 1.0 0.0 692284.0 5767882.0 163840.0 
Circle 1.0 1.0 0.0 692284.0 5751498.0 163840.0 
Circle 1.0 1.0 0.0 692284.0 5751498.0 163840.0 
Circle 1.0 1.0 0.0 692284.0 5685962.0 163840.0 
Circle 1.0 1.0 0.0 708668.0 5685962.0 163840.0 
Circle 1.0 1.0 0.0 725052.0 5636810.0 163840.0 
Circle 1.0 1.0 0.0 757820.0 5604042.0 163840.0 
Circle 1.0 1.0 0.0 774204.0 5604042.0 163840.0 
Circle 1.0 1.0 0.0 790588.0 5604042.0 163840.0 
Circle 1.0 1.0 0.0 790588.0 5604042.0 163840.0 
Circle 1.0 1.0 0.0 790588.0 5604042.0 163840.0 
Circle 1.0 1.0 0.0 806972.0 5653194.0 163840.0 
Circle 1.0 1.0 0.0 806972.0 5882570.0 163840.0 
Circle 1.0 1.0 0.0 806972.0 5915338.0 163840.0 
Circle 1.0 1.0 0.0 806972.0 5964490.0 163840.0 
Circle 1.0 1.0 0.0 806972.0 5997258.0 163840.0 
Circle 1.0 1.0 0.0 774204.0 6062794.0 163840.0 
Circle 1.0 1.0 0.0 708668.0 6210250.0 163840.0 
Circle 1.0 1.0 0.0 659516.0 6275786.0 163840.0 
Circle 1.0 1.0 0.0 544828.0 6406858.0 163840.0 
Circle 1.0 1.0 0.0 446524.0 6472394.0 163840.0 
Circle 1.0 1.0 0.0 315452.0 6570698.0 163840.0 
Circle 1.0 1.0 0.0 249916.0 6619850.0 163840.0 
Circle 1.0 1.0 0.0 217148.0 6685386.0 163840.0 
Circle 1.0 1.0 0.0 184380.0 6718154.0 163840.0 
Circle 1.0 1.0 0.0 184380.0 6718154.0 163840.0 
Circle 1.0 1.0 0.0 184380.0 6718154.0 163840.0 
Circle 1.0 1.0 0.0 184380.0 6718154.0 163840.0 
Circle 1.0 1.0 0.0 167996.0 6652618.0 163840.0 
Circle 1.0 1.0 0.0 462908.0 6374090.0 163840.0 
Circle 1.0 1.0 0.0 544828.0 6243018.0 163840.0 
Circle 1.0 1.0 0.0 577596.0 6243018.0 163840.0 
Circle 1.0 1.0 0.0 577596.0 6243018.0 163840.0 
Circle 1.0 1.0 0.0 577596.0 6341322.0 163840.0 
Circle 1.0 1.0 0.0 479292.0 6554314.0 163840.0 
Circle 1.0 1.0 0.0 479292.0 6587082.0 163840.0 
Circle 1.0 1.0 0.0 413756.0 6619850.0 163840.0 
Circle 1.0 1.0 0.0 364604.0 6652618.0 163840.0 
Circle 1.0 1.0 0.0 364604.0 6652618.0 163840.0 
Circle 1.0 1.0 0.0 348220.0 6636234.0 163840.0 
Circle 1.0 1.0 0.0 348220.0 6554314.0 163840.0 
Circle 1.0 1.0 0.0 348220.0 6472394.0 163840.0 
Circle 1.0 1.0 0.0 348220.0 6308554.0 163840.0 
Circle 1.0 1.0 0.0 348220.0 6013642.0 163840.0 
Circle 1.0 1.0 0.0 331836.0 5898954.0 163840.0 
Circle 1.0 1.0 0.0 331836.0 5882570.0 163840.0 
Circle 1.0 1.0 0.0 331836.0 5849802.0 163840.0 
Circle 1.0 1.0 0.0 331836.0 5849802.0 163840.0 
Circle 1.0 1.0 0.0 380988.0 5817034.0 163840.0 
Circle 1.0 1.0 0.0 413756.0 5767882.0 163840.0 
Circle 1.0 1.0 0.0 446524.0 5751498.0 163840.0 
Circle 1.0 1.0 0.0 446524.0 5751498.0 163840.0 
Circle 1.0 1.0 0.0 446524.0 5735114.0 163840.0 
Circle 1.0 1.0 0.0 479292.0 5702346.0 163840.0 
Circle 1.0 1.0 0.0 528444.0 5653194.0 163840.0 
Circle 1.0 1.0 0.0 544828.0 5636810.0 163840.0 
Circle 1.0 1.0 0.0 561212.0 5620426.0 163840.0 
Circle 1.0 1.0 0.0 577596.0 5587658.0 163840.0 
Circle 1.0 1.0 0.0 593980.0 5571274.0 163840.0 
Circle 1.0 1.0 0.0 626748.0 5538506.0 163840.0 
Circle 1.0 1.0 0.0 626748.0 5522122.0 163840.0 
Circle 1.0 1.0 0.0 626748.0 5522122.0 163840.0 
Circle 0.0 0.0 1.0 -61380.0 1.1076298E7 163840.0 
Circle 0.0 0.0 1.0 331836.0 1.1092682E7 163840.0 
Circle 0.0 0.0 1.0 413756.0 1.0928842E7 163840.0 
Circle 0.0 0.0 1.0 430140.0 1.0814154E7 163840.0 
Circle 0.0 0.0 1.0 593980.0 1.0437322E7 163840.0 
Circle 0.0 0.0 1.0 675900.0 1.022433E7 163840.0 
Circle 0.0 0.0 1.0 806972.0 9978570.0 163840.0 
Circle 0.0 0.0 1.0 954428.0 9732810.0 163840.0 
Circle 0.0 0.0 1.0 1069116.0 9552586.0 163840.0 
Circle 0.0 0.0 1.0 1183804.0 9388746.0 163840.0 
Circle 0.0 0.0 1.0 1216572.0 9274058.0 163840.0 
Circle 0.0 0.0 1.0 1249340.0 9192138.0 163840.0 
Circle 0.0 0.0 1.0 1249340.0 9126602.0 163840.0 
Circle 0.0 0.0 1.0 1265724.0 9093834.0 163840.0 
Circle 0.0 0.0 1.0 1282108.0 9044682.0 163840.0 
Circle 0.0 0.0 1.0 1347644.0 8979146.0 163840.0 
Circle 0.0 0.0 1.0 1511484.0 8864458.0 163840.0 
Circle 0.0 0.0 1.0 1577020.0 8831690.0 163840.0 
Circle 0.0 0.0 1.0 1658940.0 8798922.0 163840.0 
Circle 0.0 0.0 1.0 1921084.0 8700618.0 163840.0 
Circle 0.0 0.0 1.0 2084924.0 8700618.0 163840.0 
Circle 0.0 0.0 1.0 2134076.0 8700618.0 163840.0 
Circle 0.0 0.0 1.0 2134076.0 8700618.0 163840.0 
Circle 0.0 0.0 1.0 2232380.0 8700618.0 163840.0 
Circle 0.0 0.0 1.0 2363452.0 8700618.0 163840.0 
Circle 0.0 0.0 1.0 2396220.0 8700618.0 163840.0 
Circle 0.0 0.0 1.0 2396220.0 8700618.0 163840.0 
Circle 0.0 0.0 1.0 2396220.0 8700618.0 163840.0 
Circle 0.0 0.0 1.0 2461756.0 8700618.0 163840.0 
Circle 0.0 0.0 1.0 2494524.0 8700618.0 163840.0 
Circle 0.0 0.0 1.0 2510908.0 8700618.0 163840.0 
Circle 0.0 0.0 1.0 2527292.0 8700618.0 163840.0 
Circle 0.0 0.0 1.0 2592828.0 8700618.0 163840.0 
Circle 0.0 0.0 1.0 2658364.0 8700618.0 163840.0 
Circle 0.0 0.0 1.0 2658364.0 8700618.0 163840.0 
Circle 0.0 0.0 1.0 2658364.0 8700618.0 163840.0 
Circle 0.0 0.0 1.0 2658364.0 8700618.0 163840.0 
Circle 0.0 0.0 1.0 2723900.0 8700618.0 163840.0 
Circle 0.0 0.0 1.0 2773052.0 8717002.0 163840.0 
Circle 0.0 0.0 1.0 2969660.0 8749770.0 163840.0 
Circle 0.0 0.0 1.0 3018812.0 8749770.0 163840.0 
Circle 0.0 0.0 1.0 3215420.0 8766154.0 163840.0 
Circle 0.0 0.0 1.0 3330108.0 8766154.0 163840.0 
Circle 0.0 0.0 1.0 3362876.0 8766154.0 163840.0 
Circle 0.0 0.0 1.0 3412028.0 8798922.0 163840.0 
Circle 0.0 0.0 1.0 3412028.0 8798922.0 163840.0 
Circle 0.0 0.0 1.0 3444796.0 8831690.0 163840.0 
Circle 0.0 0.0 1.0 3493948.0 8848074.0 163840.0 
Circle 0.0 0.0 1.0 3526716.0 8848074.0 163840.0 
Circle 0.0 0.0 1.0 3526716.0 8848074.0 163840.0 
Circle 0.0 0.0 1.0 3526716.0 8864458.0 163840.0 
Circle 0.0 0.0 1.0 3575868.0 8880842.0 163840.0 
Circle 0.0 0.0 1.0 3575868.0 8913610.0 163840.0 
Circle 0.0 0.0 1.0 3657788.0 8995530.0 163840.0 
Circle 0.0 0.0 1.0 3657788.0 9011914.0 163840.0 
Circle 0.0 0.0 1.0 3723324.0 9110218.0 163840.0 
Circle 0.0 0.0 1.0 3772476.0 9192138.0 163840.0 
Circle 0.0 0.0 1.0 3854396.0 9290442.0 163840.0 
Circle 0.0 0.0 1.0 3887164.0 9388746.0 163840.0 
Circle 0.0 0.0 1.0 3919932.0 9487050.0 163840.0 
Circle 0.0 0.0 1.0 3952700.0 9536202.0 163840.0 
Circle 0.0 0.0 1.0 4018236.0 9650890.0 163840.0 
Circle 0.0 0.0 1.0 4018236.0 9683658.0 163840.0 
Circle 0.0 0.0 1.0 4067388.0 9700042.0 163840.0 
Circle 0.0 0.0 1.0 4083772.0 9798346.0 163840.0 
Circle 0.0 0.0 1.0 4100156.0 9880266.0 163840.0 
Circle 0.0 0.0 1.0 4100156.0 9896650.0 163840.0 
Circle 0.0 0.0 1.0 4100156.0 9913034.0 163840.0 
Circle 0.0 0.0 1.0 4100156.0 9913034.0 163840.0 
Circle 0.0 0.0 1.0 4821052.0 9634506.0 163840.0 
Circle 0.0 0.0 1.0 4722748.0 9388746.0 163840.0 
Circle 0.0 0.0 1.0 4608060.0 9159370.0 163840.0 
Circle 0.0 0.0 1.0 4558908.0 9011914.0 163840.0 
Circle 0.0 0.0 1.0 4558908.0 8848074.0 163840.0 
Circle 0.0 0.0 1.0 4493372.0 8667850.0 163840.0 
Circle 0.0 0.0 1.0 4460604.0 8585930.0 163840.0 
Circle 0.0 0.0 1.0 4460604.0 8487626.0 163840.0 
Circle 0.0 0.0 1.0 4460604.0 8405706.0 163840.0 
Circle 0.0 0.0 1.0 4460604.0 8389322.0 163840.0 
Circle 0.0 0.0 1.0 4460604.0 8340170.0 163840.0 
Circle 0.0 0.0 1.0 4460604.0 8274634.0 163840.0 
Circle 0.0 0.0 1.0 4460604.0 8241866.0 163840.0 
Circle 0.0 0.0 1.0 4460604.0 8192714.0 163840.0 
Circle 0.0 0.0 1.0 4460604.0 8159946.0 163840.0 
Circle 0.0 0.0 1.0 4460604.0 8110794.0 163840.0 
Circle 0.0 0.0 1.0 4460604.0 8061642.0 163840.0 
Circle 0.0 0.0 1.0 4460604.0 8012490.0 163840.0 
Circle 0.0 0.0 1.0 4460604.0 7996106.0 163840.0 
Circle 0.0 0.0 1.0 4460604.0 7963338.0 163840.0 
Circle 0.0 0.0 1.0 4460604.0 7914186.0 163840.0 
Circle 0.0 0.0 1.0 4460604.0 7848650.0 163840.0 
Circle 0.0 0.0 1.0 4460604.0 7848650.0 163840.0 
Circle 0.0 0.0 1.0 4460604.0 7832266.0 163840.0 
Circle 0.0 0.0 1.0 4460604.0 7799498.0 163840.0 
Circle 0.0 0.0 1.0 4460604.0 7783114.0 163840.0 
Circle 0.0 0.0 1.0 4460604.0 7766730.0 163840.0 
Circle 0.0 0.0 1.0 4460604.0 7717578.0 163840.0 
Circle 0.0 0.0 1.0 4460604.0 7701194.0 163840.0 
Circle 0.0 0.0 1.0 4460604.0 7635658.0 163840.0 
Circle 0.0 0.0 1.0 4460604.0 7570122.0 163840.0 
Circle 0.0 0.0 1.0 4460604.0 7537354.0 163840.0 
Circle 0.0 0.0 1.0 4460604.0 7455434.0 163840.0 
Circle 0.0 0.0 1.0 4460604.0 7389898.0 163840.0 
Circle 0.0 0.0 1.0 4460604.0 7340746.0 163840.0 
Circle 0.0 0.0 1.0 4460604.0 7226058.0 163840.0 
Circle 0.0 0.0 1.0 4460604.0 7176906.0 163840.0 
Circle 0.0 0.0 1.0 4460604.0 7111370.0 163840.0 
Circle 0.0 0.0 1.0 4460604.0 7094986.0 163840.0 
Circle 0.0 0.0 1.0 4460604.0 7045834.0 163840.0 
Circle 0.0 0.0 1.0 4460604.0 6980298.0 163840.0 
Circle 0.0 0.0 1.0 4460604.0 6931146.0 163840.0 
Circle 0.0 0.0 1.0 4493372.0 6865610.0 163840.0 
Circle 0.0 0.0 1.0 4509756.0 6816458.0 163840.0 
Circle 0.0 0.0 1.0 4509756.0 6816458.0 163840.0 
Circle 0.0 0.0 1.0 4509756.0 6783690.0 163840.0 
Circle 0.0 0.0 1.0 4558908.0 6701770.0 163840.0 
Circle 0.0 0.0 1.0 4558908.0 6619850.0 163840.0 
Circle 0.0 0.0 1.0 4558908.0 6521546.0 163840.0 
Circle 0.0 0.0 1.0 4575292.0 6456010.0 163840.0 
Circle 0.0 0.0 1.0 4624444.0 6324938.0 163840.0 
Circle 0.0 0.0 1.0 4673596.0 6079178.0 163840.0 
Circle 0.0 0.0 1.0 4755516.0 5817034.0 163840.0 
Circle 0.0 0.0 1.0 4804668.0 5702346.0 163840.0 
Circle 0.0 0.0 1.0 4853820.0 5604042.0 163840.0 
Circle 0.0 0.0 1.0 4870204.0 5456586.0 163840.0 
Circle 0.0 0.0 1.0 4902972.0 5341898.0 163840.0 
Circle 0.0 0.0 1.0 4919356.0 5243594.0 163840.0 
Circle 0.0 0.0 1.0 4935740.0 5210826.0 163840.0 
Circle 0.0 0.0 1.0 4935740.0 5194442.0 163840.0 
Circle 0.0 0.0 1.0 4984892.0 5128906.0 163840.0 
Circle 0.0 0.0 1.0 5034044.0 5063370.0 163840.0 
Circle 0.0 0.0 1.0 5050428.0 5030602.0 163840.0 
Circle 0.0 0.0 1.0 5099580.0 4981450.0 163840.0 
Circle 0.0 0.0 1.0 5148732.0 4899530.0 163840.0 
Circle 0.0 0.0 1.0 5214268.0 4817610.0 163840.0 
Circle 0.0 0.0 1.0 5230652.0 4801226.0 163840.0 
Circle 0.0 0.0 1.0 5230652.0 4801226.0 163840.0 
Circle 0.0 0.0 1.0 5296188.0 4768458.0 163840.0 
Circle 0.0 0.0 1.0 5394492.0 4702922.0 163840.0 
Circle 0.0 0.0 1.0 5476412.0 4670154.0 163840.0 
Circle 0.0 0.0 1.0 5541948.0 4604618.0 163840.0 
Circle 0.0 0.0 1.0 5574716.0 4604618.0 163840.0 
Circle 0.0 0.0 1.0 5607484.0 4588234.0 163840.0 
Circle 0.0 0.0 1.0 5656636.0 4588234.0 163840.0 
Circle 0.0 0.0 1.0 5738556.0 4571850.0 163840.0 
Circle 0.0 0.0 1.0 5902396.0 4522698.0 163840.0 
Circle 0.0 0.0 1.0 6033468.0 4473546.0 163840.0 
Circle 0.0 0.0 1.0 6164540.0 4424394.0 163840.0 
Circle 0.0 0.0 1.0 6311996.0 4391626.0 163840.0 
Circle 0.0 0.0 1.0 6443068.0 4309706.0 163840.0 
Circle 0.0 0.0 1.0 6459452.0 4309706.0 163840.0 
Circle 0.0 0.0 1.0 6508604.0 4309706.0 163840.0 
Circle 0.0 0.0 1.0 6590524.0 4276938.0 163840.0 
Circle 0.0 0.0 1.0 6606908.0 4276938.0 163840.0 
Circle 0.0 0.0 1.0 6688828.0 4276938.0 163840.0 
Circle 0.0 0.0 1.0 6770748.0 4260554.0 163840.0 
Circle 0.0 0.0 1.0 6803516.0 4244170.0 163840.0 
Circle 0.0 0.0 1.0 6852668.0 4227786.0 163840.0 
Circle 0.0 0.0 1.0 6869052.0 4211402.0 163840.0 
Circle 0.0 0.0 1.0 6918204.0 4162250.0 163840.0 
Circle 0.0 0.0 1.0 6950972.0 4096714.0 163840.0 
Circle 0.0 0.0 1.0 6983740.0 3998410.0 163840.0 
Circle 0.0 0.0 1.0 6983740.0 3949258.0 163840.0 
Circle 0.0 0.0 1.0 7016508.0 3883722.0 163840.0 
Circle 0.0 0.0 1.0 7049276.0 3850954.0 163840.0 
Circle 0.0 0.0 1.0 7049276.0 3834570.0 163840.0 
Circle 0.0 0.0 1.0 7082044.0 3785418.0 163840.0 
Circle 0.0 0.0 1.0 7082044.0 3752650.0 163840.0 
Circle 0.0 0.0 1.0 7082044.0 3703498.0 163840.0 
Circle 0.0 0.0 1.0 7098428.0 3687114.0 163840.0 
Circle 0.0 0.0 1.0 7114812.0 3654346.0 163840.0 
Circle 0.0 0.0 1.0 7114812.0 3654346.0 163840.0 
Circle 0.0 0.0 1.0 7131196.0 3621578.0 163840.0 
Circle 0.0 0.0 1.0 7180348.0 3572426.0 163840.0 
Circle 0.0 0.0 1.0 7196732.0 3556042.0 163840.0 
Circle 0.0 0.0 1.0 7213116.0 3523274.0 163840.0 
Circle 0.0 0.0 1.0 7213116.0 3523274.0 163840.0 
Circle 0.0 0.0 1.0 7245884.0 3506890.0 163840.0 
Circle 0.0 0.0 1.0 7311420.0 3457738.0 163840.0 
Circle 0.0 0.0 1.0 7344188.0 3424970.0 163840.0 
Circle 0.0 0.0 1.0 7393340.0 3392202.0 163840.0 
Circle 0.0 0.0 1.0 7426108.0 3375818.0 163840.0 
Circle 0.0 0.0 1.0 7508028.0 3310282.0 163840.0 
Circle 0.0 0.0 1.0 7524412.0 3293898.0 163840.0 
Circle 0.0 0.0 1.0 7557180.0 3277514.0 163840.0 
Circle 0.0 0.0 1.0 7573564.0 3261130.0 163840.0 
Circle 0.0 0.0 1.0 7622716.0 3211978.0 163840.0 
Circle 0.0 0.0 1.0 7655484.0 3195594.0 163840.0 
Circle 0.0 0.0 1.0 7721020.0 3146442.0 163840.0 
Circle 0.0 0.0 1.0 7721020.0 3146442.0 163840.0 
Circle 0.0 0.0 1.0 7786556.0 3097290.0 163840.0 
Circle 0.0 0.0 1.0 7835708.0 3064522.0 163840.0 
Circle 0.0 0.0 1.0 7835708.0 3064522.0 163840.0 
Circle 0.0 0.0 1.0 7917628.0 2982602.0 163840.0 
Circle 0.0 0.0 1.0 7917628.0 2982602.0 163840.0 
Circle 0.0 0.0 1.0 7950396.0 2933450.0 163840.0 
Circle 0.0 0.0 1.0 7950396.0 2933450.0 163840.0 
Circle 0.0 0.0 1.0 7983164.0 2900682.0 163840.0 
Circle 0.0 0.0 1.0 7983164.0 2900682.0 163840.0 
Circle 0.0 0.0 1.0 7999548.0 2884298.0 163840.0 
Circle 0.0 0.0 1.0 8015932.0 2867914.0 163840.0 
Circle 0.0 0.0 1.0 8048700.0 2835146.0 163840.0 
Circle 0.0 0.0 1.0 8048700.0 2835146.0 163840.0 
Circle 0.0 0.0 1.0 8048700.0 2835146.0 163840.0 
Circle 0.0 0.0 1.0 8048700.0 2835146.0 163840.0 
Circle 0.0 0.0 1.0 8065084.0 2818762.0 163840.0 
Circle 0.7176471 0.105882354 0.0 905276.0 5161674.0 163840.0 
Circle 0.7176471 0.105882354 0.0 938044.0 5030602.0 163840.0 
Circle 0.7176471 0.105882354 0.0 970812.0 4833994.0 163840.0 
Circle 0.7176471 0.105882354 0.0 987196.0 4784842.0 163840.0 
Circle 0.7176471 0.105882354 0.0 1036348.0 4719306.0 163840.0 
Circle 0.7176471 0.105882354 0.0 1052732.0 4653770.0 163840.0 
Circle 0.7176471 0.105882354 0.0 1052732.0 4653770.0 163840.0 
Circle 0.7176471 0.105882354 0.0 1052732.0 4653770.0 163840.0 
Circle 0.7176471 0.105882354 0.0 1052732.0 4653770.0 163840.0 
Circle 0.7176471 0.105882354 0.0 1069116.0 4653770.0 163840.0 
Circle 0.7176471 0.105882354 0.0 1085500.0 4653770.0 163840.0 
Circle 0.7176471 0.105882354 0.0 1118268.0 4653770.0 163840.0 
Circle 0.7176471 0.105882354 0.0 1134652.0 4653770.0 163840.0 
Circle 0.7176471 0.105882354 0.0 1151036.0 4653770.0 163840.0 
Circle 0.7176471 0.105882354 0.0 1200188.0 4588234.0 163840.0 
Circle 0.7176471 0.105882354 0.0 1249340.0 4539082.0 163840.0 
Circle 0.7176471 0.105882354 0.0 1298492.0 4489930.0 163840.0 
Circle 0.7176471 0.105882354 0.0 1331260.0 4457162.0 163840.0 
Circle 0.7176471 0.105882354 0.0 1347644.0 4408010.0 163840.0 
Circle 0.7176471 0.105882354 0.0 1347644.0 4391626.0 163840.0 
Circle 0.7176471 0.105882354 0.0 1380412.0 4375242.0 163840.0 
Circle 0.7176471 0.105882354 0.0 1380412.0 4358858.0 163840.0 
Circle 0.7176471 0.105882354 0.0 1396796.0 4309706.0 163840.0 
Circle 0.7176471 0.105882354 0.0 1429564.0 4260554.0 163840.0 
Circle 0.7176471 0.105882354 0.0 1462332.0 4227786.0 163840.0 
Circle 0.7176471 0.105882354 0.0 1478716.0 4211402.0 163840.0 
Circle 0.7176471 0.105882354 0.0 1478716.0 4211402.0 163840.0 
Circle 0.7176471 0.105882354 0.0 1478716.0 4211402.0 163840.0 
Circle 0.7176471 0.105882354 0.0 1478716.0 4211402.0 163840.0 
Circle 0.7176471 0.105882354 0.0 1478716.0 4211402.0 163840.0 
Circle 0.7176471 0.105882354 0.0 1478716.0 4211402.0 163840.0 
Circle 0.7176471 0.105882354 0.0 1478716.0 4211402.0 163840.0 
Circle 0.7176471 0.105882354 0.0 1478716.0 4211402.0 163840.0 
Circle 0.7176471 0.105882354 0.0 1478716.0 4211402.0 163840.0 
Circle 0.7176471 0.105882354 0.0 1478716.0 4211402.0 163840.0 
Circle 0.7176471 0.105882354 0.0 1478716.0 4211402.0 163840.0 
Circle 0.7176471 0.105882354 0.0 1478716.0 4195018.0 163840.0 
Circle 0.7176471 0.105882354 0.0 1478716.0 4195018.0 163840.0 
Circle 0.7176471 0.105882354 0.0 1495100.0 4178634.0 163840.0 
Circle 0.7176471 0.105882354 0.0 1527868.0 4162250.0 163840.0 
Circle 0.7176471 0.105882354 0.0 1560636.0 4129482.0 163840.0 
Circle 0.7176471 0.105882354 0.0 1609788.0 4063946.0 163840.0 
Circle 0.7176471 0.105882354 0.0 1626172.0 3998410.0 163840.0 
Circle 0.7176471 0.105882354 0.0 1626172.0 3916490.0 163840.0 
Circle 0.7176471 0.105882354 0.0 1675324.0 3850954.0 163840.0 
Circle 0.7176471 0.105882354 0.0 1691708.0 3818186.0 163840.0 
Circle 0.7176471 0.105882354 0.0 1708092.0 3785418.0 163840.0 
Circle 0.7176471 0.105882354 0.0 1708092.0 3769034.0 163840.0 
Circle 0.7176471 0.105882354 0.0 1740860.0 3752650.0 163840.0 
Circle 0.7176471 0.105882354 0.0 1757244.0 3719882.0 163840.0 
Circle 0.7176471 0.105882354 0.0 1806396.0 3687114.0 163840.0 
Circle 0.7176471 0.105882354 0.0 1806396.0 3670730.0 163840.0 
Circle 0.7176471 0.105882354 0.0 1806396.0 3654346.0 163840.0 
Circle 0.7176471 0.105882354 0.0 1839164.0 3637962.0 163840.0 
Circle 0.7176471 0.105882354 0.0 1839164.0 3605194.0 163840.0 
Circle 0.7176471 0.105882354 0.0 1839164.0 3556042.0 163840.0 
Circle 0.7176471 0.105882354 0.0 1871932.0 3523274.0 163840.0 
Circle 0.7176471 0.105882354 0.0 1871932.0 3490506.0 163840.0 
Circle 0.7176471 0.105882354 0.0 1871932.0 3424970.0 163840.0 
Circle 0.7176471 0.105882354 0.0 1937468.0 3326666.0 163840.0 
Circle 0.7176471 0.105882354 0.0 1986620.0 3244746.0 163840.0 
Circle 0.7176471 0.105882354 0.0 2019388.0 3179210.0 163840.0 
Circle 0.7176471 0.105882354 0.0 2101308.0 3080906.0 163840.0 
Circle 0.7176471 0.105882354 0.0 2166844.0 2998986.0 163840.0 
Circle 0.7176471 0.105882354 0.0 2183228.0 2982602.0 163840.0 
Circle 0.7176471 0.105882354 0.0 2199612.0 2949834.0 163840.0 
Circle 0.7176471 0.105882354 0.0 2199612.0 2917066.0 163840.0 
Circle 0.7176471 0.105882354 0.0 2215996.0 2884298.0 163840.0 
Circle 0.7176471 0.105882354 0.0 2232380.0 2867914.0 163840.0 
Circle 0.7176471 0.105882354 0.0 2248764.0 2851530.0 163840.0 
Circle 0.7176471 0.105882354 0.0 2265148.0 2835146.0 163840.0 
Circle 0.7176471 0.105882354 0.0 2265148.0 2835146.0 163840.0 
Circle 0.7176471 0.105882354 0.0 2265148.0 2802378.0 163840.0 
Circle 0.7176471 0.105882354 0.0 2265148.0 2753226.0 163840.0 
Circle 0.7176471 0.105882354 0.0 2281532.0 2736842.0 163840.0 
Circle 0.7176471 0.105882354 0.0 2314300.0 2687690.0 163840.0 
Circle 0.7176471 0.105882354 0.0 2347068.0 2638538.0 163840.0 
Circle 0.7176471 0.105882354 0.0 2412604.0 2523850.0 163840.0 
Circle 0.7176471 0.105882354 0.0 2445372.0 2491082.0 163840.0 
Circle 0.7176471 0.105882354 0.0 2461756.0 2441930.0 163840.0 
Circle 0.7176471 0.105882354 0.0 2478140.0 2425546.0 163840.0 
Circle 0.7176471 0.105882354 0.0 2527292.0 2392778.0 163840.0 
Circle 0.7176471 0.105882354 0.0 2543676.0 2360010.0 163840.0 
Circle 0.7176471 0.105882354 0.0 2576444.0 2343626.0 163840.0 
Circle 0.7176471 0.105882354 0.0 2789436.0 2228938.0 163840.0 
Circle 0.7176471 0.105882354 0.0 3231804.0 2097866.0 163840.0 
Circle 0.7176471 0.105882354 0.0 3756092.0 1999562.0 163840.0 
Circle 0.7176471 0.105882354 0.0 3952700.0 1966794.0 163840.0 
Circle 0.7176471 0.105882354 0.0 3952700.0 1966794.0 163840.0 
Circle 0.7176471 0.105882354 0.0 4001852.0 1950410.0 163840.0 
Circle 0.7176471 0.105882354 0.0 4083772.0 1950410.0 163840.0 
Circle 0.7176471 0.105882354 0.0 4378684.0 1901258.0 163840.0 
Circle 0.7176471 0.105882354 0.0 4493372.0 1901258.0 163840.0 
Circle 0.7176471 0.105882354 0.0 4689980.0 1868490.0 163840.0 
Circle 0.7176471 0.105882354 0.0 4771900.0 1835722.0 163840.0 
Circle 0.7176471 0.105882354 0.0 5034044.0 1835722.0 163840.0 
Circle 0.7176471 0.105882354 0.0 5312572.0 1835722.0 163840.0 
Circle 0.7176471 0.105882354 0.0 5591100.0 1786570.0 163840.0 
Circle 0.7176471 0.105882354 0.0 5754940.0 1786570.0 163840.0 
Circle 0.7176471 0.105882354 0.0 5886012.0 1737418.0 163840.0 
Circle 0.7176471 0.105882354 0.0 5984316.0 1721034.0 163840.0 
Circle 0.7176471 0.105882354 0.0 6115388.0 1671882.0 163840.0 
Circle 0.7176471 0.105882354 0.0 6230076.0 1622730.0 163840.0 
Circle 0.7176471 0.105882354 0.0 6246460.0 1622730.0 163840.0 
Circle 0.7176471 0.105882354 0.0 6328380.0 1589962.0 163840.0 
Circle 0.7176471 0.105882354 0.0 6492220.0 1589962.0 163840.0 
Circle 0.7176471 0.105882354 0.0 6524988.0 1573578.0 163840.0 
Circle 0.7176471 0.105882354 0.0 6623292.0 1573578.0 163840.0 
Circle 0.7176471 0.105882354 0.0 6639676.0 1557194.0 163840.0 
Circle 0.7176471 0.105882354 0.0 6819900.0 1524426.0 163840.0 
Circle 0.7176471 0.105882354 0.0 6869052.0 1508042.0 163840.0 
Circle 0.7176471 0.105882354 0.0 6950972.0 1508042.0 163840.0 
Circle 0.7176471 0.105882354 0.0 6983740.0 1508042.0 163840.0 
Circle 0.7176471 0.105882354 0.0 7049276.0 1508042.0 163840.0 
Circle 0.7176471 0.105882354 0.0 7262268.0 1508042.0 163840.0 
Circle 0.7176471 0.105882354 0.0 7524412.0 1508042.0 163840.0 
Circle 0.7176471 0.105882354 0.0 7983164.0 1508042.0 163840.0 
Circle 0.7176471 0.105882354 0.0 8048700.0 1508042.0 163840.0 
Circle 0.7176471 0.105882354 0.0 8048700.0 1508042.0 163840.0 
Circle 0.7176471 0.105882354 0.0 8048700.0 1508042.0 163840.0 
Circle 0.7176471 0.105882354 0.0 8048700.0 1508042.0 163840.0 
Circle 0.7176471 0.105882354 0.0 8048700.0 1508042.0 163840.0 
Circle 0.7176471 0.105882354 0.0 8048700.0 1508042.0 163840.0 
Circle 0.7176471 0.105882354 0.0 8163388.0 1508042.0 163840.0 
Circle 0.7176471 0.105882354 0.0 8163388.0 1508042.0 163840.0 
Circle 0.7176471 0.105882354 0.0 8163388.0 1508042.0 163840.0 
Circle 0.7176471 0.105882354 0.0 8163388.0 1508042.0 163840.0 
Circle 0.7176471 0.105882354 0.0 8212540.0 1508042.0 163840.0 
Circle 0.7176471 0.105882354 0.0 8343612.0 1491658.0 163840.0 
Circle 0.7176471 0.105882354 0.0 8392764.0 1491658.0 163840.0 
Circle 0.0 0.0 1.0 3330108.0 8717002.0 163840.0 
Circle 0.0 0.0 1.0 4493372.0 8553162.0 163840.0 
Circle 0.0 0.0 1.0 4476988.0 8553162.0 163840.0 
Circle 0.0 0.0 1.0 4378684.0 8553162.0 163840.0 
Circle 0.0 0.0 1.0 4231228.0 8553162.0 163840.0 
Circle 0.0 0.0 1.0 4100156.0 8553162.0 163840.0 
Circle 0.0 0.0 1.0 3919932.0 8585930.0 163840.0 
Circle 0.0 0.0 1.0 3772476.0 8618698.0 163840.0 
Circle 0.0 0.0 1.0 3674172.0 8618698.0 163840.0 
Circle 0.0 0.0 1.0 3510332.0 8618698.0 163840.0 
Circle 0.0 0.0 1.0 3330108.0 8635082.0 163840.0 
Circle 0.0 0.0 1.0 3215420.0 8667850.0 163840.0 
Circle 0.0 0.0 1.0 3182652.0 8667850.0 163840.0 
Circle 0.0 0.0 1.0 3149884.0 8667850.0 163840.0 
Circle 0.0 0.0 1.0 3133500.0 8667850.0 163840.0 
Circle 0.0 0.0 1.0 3133500.0 8667850.0 163840.0 
Circle 0.0 0.0 1.0 3117116.0 8667850.0 163840.0 
Circle 0.0 0.0 1.0 3117116.0 8667850.0 163840.0 
Circle 0.0 0.0 1.0 3117116.0 8667850.0 163840.0 
Circle 0.0 0.0 1.0 3117116.0 8667850.0 163840.0 
Circle 0.0 0.0 1.0 3919932.0 8684234.0 163840.0 
Circle 0.0 0.0 1.0 4034620.0 8684234.0 163840.0 
Circle 0.0 0.0 1.0 4280380.0 8651466.0 163840.0 
Circle 0.0 0.0 1.0 4476988.0 8585930.0 163840.0 
Circle 0.0 0.0 1.0 4542524.0 8504010.0 163840.0 
Circle 0.0 0.0 1.0 4591676.0 8389322.0 163840.0 
Circle 0.0 0.0 1.0 4624444.0 8291018.0 163840.0 
Circle 0.0 0.0 1.0 4624444.0 8258250.0 163840.0 
Circle 0.0 0.0 1.0 4624444.0 8225482.0 163840.0 
Circle 0.0 0.0 1.0 4476988.0 8209098.0 163840.0 
Circle 0.0 0.0 1.0 4116540.0 8487626.0 163840.0 
Circle 0.0 0.0 1.0 3821628.0 8717002.0 163840.0 
Circle 0.0 0.0 1.0 3756092.0 8782538.0 163840.0 
Circle 0.0 0.0 1.0 3657788.0 8864458.0 163840.0 
Circle 0.0 0.0 1.0 3543100.0 8929994.0 163840.0 
Circle 0.0 0.0 1.0 3493948.0 8946378.0 163840.0 
Circle 0.0 0.0 1.0 3493948.0 8946378.0 163840.0 
Circle 0.0 0.0 1.0 3428412.0 8946378.0 163840.0 
Circle 0.0 0.0 1.0 3379260.0 8946378.0 163840.0 
Circle 0.0 0.0 1.0 1806396.0 2.931169E7 1310720.0 
Circle 0.0 0.0 1.0 -2256836.0 1.31416778E8 5242880.0 
Circle 0.0 0.0 1.0 -2256836.0 1.31416778E8 5242880.0 
Circle 0.0 0.0 1.0 -2256836.0 1.31416778E8 5242880.0 
Circle 0.0 0.0 1.0 -5402564.0 4.00376522E8 2.097152E7 
Circle 0.0 0.0 1.0 -5402564.0 4.00376522E8 2.097152E7 
Circle 0.0 0.0 1.0 -8.2997188E7 8.68041418E8 4.194304E7 
Circle 0.0 0.0 1.0 -8.2997188E7 8.68041418E8 4.194304E7 
Circle 0.0 0.0 1.0 -8.2997188E7 8.34486986E8 4.194304E7 
Circle 0.0 0.0 1.0 -8.2997188E7 7.08657866E8 4.194304E7 
Circle 0.0 0.0 1.0 -8.2997188E7 6.20577482E8 4.194304E7 
Circle 0.0 0.0 1.0 -8.2997188E7 5.8702305E8 4.194304E7 
Circle 0.0 0.0 1.0 -8.2997188E7 5.8702305E8 4.194304E7 
Circle 0.0 0.0 1.0 -8.2997188E7 5.8702305E8 4.194304E7 
Circle 0.0 0.0 1.0 -8.2997188E7 5.8702305E8 4.194304E7 
Circle 0.0 0.0 1.0 -8.2997188E7 5.99605962E8 4.194304E7 
Circle 0.0 0.0 1.0 -1.450340292E9 1.0246505162E10 6.7108864E8 
Circle 0.0 0.0 1.0 -1.450340292E9 1.0246505162E10 6.7108864E8 
Circle 0.0 0.0 1.0 -1.450340292E9 1.0246505162E10 6.7108864E8 
Circle 0.0 0.0 1.0 -1.383231428E9 4.34092513E9 6.7108864E8 
Circle 0.0 0.0 1.0 -1.383231428E9 4.34092513E9 6.7108864E8 
Circle 0.0 0.0 1.0 -1.316122564E9 4.34092513E9 6.7108864E8 
Circle 0.0 0.0 1.0 -6.11479492E8 3.099411146E9 3.3554432E8 
Circle 0.0 0.0 1.0 -6.11479492E8 3.132965578E9 3.3554432E8 
Circle 0.0 0.0 1.0 -6.11479492E8 3.132965578E9 3.3554432E8 
Circle 0.0 0.0 1.0 4.857892924E9 5.970573793E10 5.36870912E9 
Circle 0.0 0.0 1.0 4.857892924E9 5.970573793E10 5.36870912E9 
Circle 0.0 0.0 1.0 4.857892924E9 5.970573793E10 5.36870912E9 
Circle 0.0 0.0 1.0 2.6054716E7 1.50436922058E11 1.073741824E10 
Circle 0.0 0.0 1.0 2.6054716E7 1.50436922058E11 1.073741824E10 
Circle 0.0 0.0 1.0 2.6054716E7 1.50436922058E11 1.073741824E10 
Circle 0.0 0.0 1.0 2.6054716E7 3.00760777418E11 2.147483648E10 
Circle 0.0 0.0 1.0 2.6054716E7 3.00760777418E11 2.147483648E10 
Circle 0.0 0.0 1.0 2.6054716E7 3.00760777418E11 2.147483648E10 
Circle 0.0 0.0 1.0 2.6054716E7 3.00760777418E11 2.147483648E10 
Circle 0.0 0.0 1.0 2.6054716E7 6.01408488138E11 4.294967296E10 
Circle 0.0 0.0 1.0 2.6054716E7 6.01408488138E11 4.294967296E10 
Circle 0.0 0.0 1.0 2.6054716E7 6.01408488138E11 4.294967296E10 
Circle 0.0 0.0 1.0 2.6054716E7 1.202703909578E12 8.589934592E10 
Circle 0.0 0.0 1.0 2.6054716E7 1.202703909578E12 8.589934592E10 
Circle 0.0 0.0 1.0 2.6054716E7 1.202703909578E12 8.589934592E10 
Circle 0.0 0.0 1.0 2.6054716E7 1.202703909578E12 8.589934592E10 
Circle 0.0 0.0 1.0 1.6617532E7 1.30630346E8 1310720.0 
Circle 0.0 0.0 1.0 5476412.0 7.076321E7 2621440.0 
Circle 0.0 0.0 1.0 5476412.0 7.076321E7 2621440.0 
Circle 0.0 0.0 1.0 5476412.0 7.076321E7 2621440.0 
Circle 0.0 0.0 1.0 6746112.0 7725056.0 1966080.0 
Circle 0.0 0.0 1.0 6090752.0 5464064.0 1966080.0 
Circle 0.0 0.0 1.0 5763072.0 7561216.0 1966080.0 
Circle 0.0 0.0 1.0 5730304.0 6709248.0 1966080.0 
Circle 0.0 0.0 1.0 7434240.0 5038080.0 1966080.0 
Circle 0.0 0.0 1.0 8810496.0 6512640.0 3932160.0 
Circle 0.0 0.0 1.0 7434240.0 7364608.0 3932160.0 
Circle 0.0 0.0 1.0 8515584.0 9756672.0 3932160.0 
Circle 0.0 0.0 1.0 4943872.0 7544832.0 983040.0 
Circle 0.0 0.0 1.0 4943872.0 7069696.0 983040.0 
Circle 0.0 0.0 1.0 4968448.0 6561792.0 983040.0 
Circle 0.0 0.0 1.0 5189632.0 6135808.0 983040.0 
Circle 0.0 0.0 1.0 5230592.0 5644288.0 983040.0 
Circle 0.0 0.0 1.0 5402624.0 5103616.0 983040.0 
Circle 0.0 0.0 1.0 6533120.0 4616192.0 491520.0 
Circle 0.0 0.0 1.0 6533120.0 4505600.0 491520.0 
Circle 0.0 0.0 1.0 6381568.0 4575232.0 491520.0 
Circle 0.0 0.0 1.0 6803456.0 4435968.0 491520.0 
Circle 0.0 0.0 1.0 7786496.0 4030464.0 983040.0 
Circle 0.0 0.0 1.0 7483392.0 3915776.0 983040.0 
Circle 0.0 0.0 1.0 7352320.0 4145152.0 983040.0 
Circle 0.0 0.0 1.0 7966720.0 3645440.0 983040.0 
Circle 0.0 0.0 1.0 7843840.0 3596288.0 983040.0 
Circle 0.0 0.0 1.0 8220672.0 3252224.0 983040.0 
Circle 0.0 0.0 1.0 5648384.0 8667136.0 983040.0 
Circle 0.0 0.0 1.0 4927488.0 8216576.0 983040.0 
Circle 0.0 0.0 1.0 5025792.0 7880704.0 983040.0 
Circle 0.0 0.0 1.0 5181440.0 8970240.0 983040.0 
Circle 0.0 0.0 1.0 4820992.0 8822784.0 983040.0 
Circle 0.0 0.0 1.0 6483968.0 9289728.0 983040.0 
Circle 0.0 0.0 1.0 5984256.0 9224192.0 983040.0 
Circle 0.0 0.0 1.0 4222976.0 8978432.0 983040.0 
Circle 0.0 0.0 1.0 3502080.0 9068544.0 983040.0 
Circle 0.0 0.0 1.0 2912256.0 9142272.0 983040.0 
Circle 0.0 0.0 1.0 2224128.0 9256960.0 983040.0 
Circle 0.0 0.0 1.0 2486272.0 9134080.0 983040.0 
Circle 0.0 0.0 1.0 1716224.0 9265152.0 983040.0 
Circle 0.0 0.0 1.0 1896448.0 9134080.0 983040.0 
Circle 0.0 0.0 1.0 1249280.0 1.0059776E7 983040.0 
Circle 0.0 0.0 1.0 1495040.0 9650176.0 983040.0 
Circle 0.0 0.0 1.0 1118208.0 1.0829824E7 983040.0 
Circle 0.0 0.0 1.0 897024.0 1.073152E7 983040.0 
Circle 0.0 0.0 1.0 1093632.0 1.0412032E7 983040.0 
Circle 0.0 0.0 1.0 569344.0 1.1313152E7 983040.0 
Circle 0.0 0.0 1.0 5083136.0 1.3492224E7 7864320.0 
Circle 0.0 0.0 1.0 3706880.0 1.2967936E7 7864320.0 
Circle 0.0 0.0 1.0 8818688.0 1.1853824E7 7864320.0 
Circle 0.0 0.0 1.0 8556544.0 1.1853824E7 7864320.0 
Circle 0.0 0.0 1.0 8097792.0 1.1657216E7 7864320.0 
Circle 0.0 0.0 1.0 -3.89787648E8 1.4163968E7 3.145728E8 
Circle 0.0 1.0 0.0 -3.95817984E8 2.8051712E7 9600.0 
Circle 0.0 1.0 0.0 -3.95810048E8 2.8050816E7 9600.0 
Circle 0.0 1.0 0.0 -3.95804352E8 2.8050944E7 9600.0 
Circle 0.0 1.0 0.0 -3.95812992E8 2.8056384E7 9600.0 
Circle 0.0 1.0 0.0 -3.95806784E8 2.8057344E7 9600.0 
Circle 0.0 1.0 0.0 -3.95813952E8 2.8047488E7 9600.0 
Circle 0.0 1.0 0.0 -3.95807616E8 2.8046912E7 9600.0 
Circle 0.0 1.0 0.0 -3.95439872E8 2.820928E7 153600.0 
Circle 0.0 1.0 0.0 -3.9547776E8 2.8271744E7 153600.0 
Circle 0.0 1.0 0.0 -3.95486976E8 2.8310656E7 153600.0 
Circle 0.0 1.0 0.0 -3.95480832E8 2.8333184E7 153600.0 
Circle 0.0 1.0 0.0 -3.9534464E8 2.81632E7 153600.0 
Circle 0.0 1.0 0.0 -3.9524736E8 2.8133504E7 153600.0 
Circle 0.0 1.0 0.0 -3.9521664E8 2.8123264E7 153600.0 
Circle 0.0 1.0 0.0 -3.95376384E8 2.8293248E7 153600.0 
Circle 0.0 1.0 0.0 -3.95266816E8 2.8244096E7 153600.0 
Circle 0.0 1.0 0.0 -3.95149056E8 2.820928E7 153600.0 
Circle 0.0 1.0 0.0 -3.95496192E8 2.843968E7 153600.0 
Circle 0.0 1.0 0.0 -3.95495168E8 2.838336E7 153600.0 
Circle 0.0 1.0 0.0 -3.9370112E8 2.9433984E7 2457600.0 
Circle 1.0 1.0 0.0 -3.9581856E8 2.8051456E7 9600.0 
Circle 1.0 1.0 0.0 -3.95814016E8 2.8047232E7 9600.0 
Circle 1.0 1.0 0.0 -3.95807104E8 2.8046656E7 9600.0 
Circle 1.0 1.0 0.0 -3.95803712E8 2.8050688E7 9600.0 
Circle 1.0 1.0 0.0 -3.95806464E8 2.8057792E7 9600.0 
Circle 1.0 1.0 0.0 -3.9581376E8 2.8057088E7 9600.0 
Circle 0.0 1.0 0.0 -3.95813888E8 2.8056832E7 8320.0 
Circle 0.0 1.0 0.0 -3.95806784E8 2.8057472E7 8320.0 
Circle 0.0 1.0 0.0 -3.95804032E8 2.8050816E7 8320.0 
Circle 0.0 1.0 0.0 -3.95806784E8 2.804672E7 8320.0 
Circle 0.0 1.0 0.0 -3.95813376E8 2.8047744E7 8320.0 
Circle 0.0 1.0 0.0 -3.9581856E8 2.8051392E7 8320.0 
Circle 0.0 1.0 0.0 -3.958128E8 2.8052224E7 8320.0 
Circle 0.0 1.0 0.0 -3.95808768E8 2.805152E7 8320.0 
Circle 0.54509807 0.27058825 0.07450981 -3.95813984E8 2.8051904E7 5760.0 
Circle 0.54509807 0.27058825 0.07450981 -3.95812736E8 2.8054112E7 5760.0 
Circle 0.54509807 0.27058825 0.07450981 -3.9580832E8 2.8054784E7 5760.0 
Circle 0.54509807 0.27058825 0.07450981 -3.95806432E8 2.8051264E7 5760.0 
Circle 0.54509807 0.27058825 0.07450981 -3.95808384E8 2.8049056E7 5760.0 
Circle 0.54509807 0.27058825 0.07450981 -3.95812448E8 2.80488E7 5760.0 
Circle 0.54509807 0.27058825 0.07450981 -3.95810304E8 2.8052128E7 5760.0 
Circle 0.5019608 0.5019608 0.5019608 -3.95812032E8 2.8049952E7 4160.0 
Circle 0.5019608 0.5019608 0.5019608 -3.95808608E8 2.805008E7 4160.0 
Circle 0.5019608 0.5019608 0.5019608 -3.95807552E8 2.8051584E7 4160.0 
Circle 0.5019608 0.5019608 0.5019608 -3.95808512E8 2.8054304E7 4160.0 
Circle 0.5019608 0.5019608 0.5019608 -3.95812512E8 2.8053792E7 4160.0 
Circle 0.5019608 0.5019608 0.5019608 -3.95813152E8 2.8051712E7 4160.0 
Circle 0.7529412 0.7529412 0.7529412 -3.95811776E8 2.8050592E7 3520.0 
Circle 0.7529412 0.7529412 0.7529412 -3.95813248E8 2.8051744E7 3520.0 
Circle 0.7529412 0.7529412 0.7529412 -3.95812352E8 2.8053696E7 3520.0 
Circle 0.7529412 0.7529412 0.7529412 -3.95808352E8 2.8054176E7 3520.0 
Circle 0.7529412 0.7529412 0.7529412 -3.95808352E8 2.805168E7 3520.0 
Circle 0.7529412 0.7529412 0.7529412 -3.9580928E8 2.805088E7 3520.0 
Circle 0.7529412 0.7529412 0.7529412 -3.95810304E8 2.8052864E7 3520.0 
Circle 1.0 1.0 1.0 -3.95811392E8 2.8051488E7 3520.0 
Circle 1.0 1.0 1.0 -3.95810304E8 2.8051584E7 3520.0 
Circle 1.0 1.0 1.0 -3.95809632E8 2.8052192E7 3520.0 
Circle 1.0 1.0 1.0 -3.95809056E8 2.8052672E7 3520.0 
Circle 1.0 1.0 1.0 -3.95812096E8 2.805296E7 3520.0 
Circle 0.0 0.5019608 0.0 -3.95820256E8 2.805056E7 1600.0 
Circle 0.0 0.5019608 0.0 -3.95819616E8 2.8050048E7 1600.0 
Circle 0.0 0.5019608 0.0 -3.95819488E8 2.8050688E7 1600.0 
Circle 0.0 0.5019608 0.0 -3.9581984E8 2.8051712E7 1600.0 
Circle 0.0 0.5019608 0.0 -3.95820512E8 2.805136E7 1600.0 
Circle 0.0 0.5019608 0.0 -3.95819136E8 2.8052128E7 1600.0 
Circle 0.0 0.5019608 0.0 -3.95818432E8 2.8051328E7 1600.0 
Circle 0.0 0.5019608 0.0 -3.95818432E8 2.8049984E7 1600.0 
Circle 0.0 0.5019608 0.0 -3.95817664E8 2.804992E7 1600.0 
Circle 0.0 0.5019608 0.0 -3.95818144E8 2.8052128E7 1600.0 
Circle 0.0 0.5019608 0.0 -3.95818176E8 2.80536E7 1600.0 
Circle 0.0 0.5019608 0.0 -3.95819392E8 2.805296E7 1600.0 
Circle 0.0 0.5019608 0.0 -3.95820512E8 2.8052448E7 1600.0 
Circle 0.0 0.5019608 0.0 -3.9581984E8 2.8053536E7 1600.0 
Circle 0.0 0.5019608 0.0 -3.9581984E8 2.8053536E7 1600.0 
Circle 0.0 0.5019608 0.0 -3.95818656E8 2.8053984E7 1600.0 
Circle 0.0 0.5019608 0.0 -3.95819232E8 2.8049024E7 1600.0 
Circle 0.0 0.5019608 0.0 -3.95820288E8 2.8049152E7 1600.0 
Circle 0.0 0.5019608 0.0 -3.95821504E8 2.8050656E7 1600.0 
Circle 0.0 0.5019608 0.0 -3.95821024E8 2.8051808E7 1600.0 
Circle 0.0 0.5019608 0.0 -3.95817376E8 2.8054432E7 1600.0 
Circle 0.0 0.5019608 0.0 -3.9581664E8 2.8055296E7 1600.0 
Circle 0.0 0.5019608 0.0 -3.95816864E8 2.8056096E7 1600.0 
Circle 0.0 0.5019608 0.0 -3.95805888E8 2.8058688E7 1600.0 
Circle 0.0 0.5019608 0.0 -3.95807648E8 2.805936E7 1600.0 
Circle 0.0 0.5019608 0.0 -3.95806784E8 2.8059488E7 1600.0 
Circle 0.0 0.5019608 0.0 -3.95804512E8 2.8058336E7 1600.0 
Circle 0.0 0.5019608 0.0 -3.95804544E8 2.80576E7 1600.0 
Circle 0.0 0.5019608 0.0 -3.95811008E8 2.8057632E7 1600.0 
Circle 0.0 0.5019608 0.0 -3.95807008E8 2.804464E7 1600.0 
Circle 0.0 0.5019608 0.0 -3.9580624E8 2.8044704E7 1600.0 
Circle 0.0 0.5019608 0.0 -3.95805632E8 2.8045152E7 1600.0 
Circle 0.0 0.5019608 0.0 -3.95805408E8 2.8045504E7 1600.0 
Circle 0.0 0.5019608 0.0 -3.95803488E8 2.8046784E7 1600.0 
Circle 0.0 0.5019608 0.0 -3.95804864E8 2.8045696E7 1600.0 
Circle 0.0 0.5019608 0.0 -3.95804736E8 2.8047232E7 1600.0 
Circle 0.0 0.5019608 0.0 -3.95804064E8 2.804528E7 1600.0 
Circle 0.0 0.5019608 0.0 -3.95807424E8 2.8045216E7 1600.0 
Circle 0.0 0.5019608 0.0 -3.95806112E8 2.8045888E7 1600.0 
Circle 0.0 0.5019608 0.0 -3.9580416E8 2.8046432E7 1600.0 
Circle 0.0 0.5019608 0.0 -3.95811168E8 2.805808E7 1600.0 
Rect 0.54509807 0.27058825 0.07450981 -3.9579944E8 2.8049768E7 -3.95795632E8 2.805012E7 0.0 
Rect 0.54509807 0.27058825 0.07450981 -3.95799328E8 2.8050872E7 -3.95796736E8 2.805124E7 0.0 
Circle 0.54509807 0.27058825 0.07450981 -3.95799312E8 2.804972E7 160.0 
Circle 0.54509807 0.27058825 0.07450981 -3.95798816E8 2.8049704E7 160.0 
Circle 0.54509807 0.27058825 0.07450981 -3.9579832E8 2.8049688E7 160.0 
Circle 0.54509807 0.27058825 0.07450981 -3.95797856E8 2.8049688E7 160.0 
Circle 0.54509807 0.27058825 0.07450981 -3.9579744E8 2.804972E7 160.0 
Circle 0.54509807 0.27058825 0.07450981 -3.95799024E8 2.8051208E7 160.0 
Circle 0.54509807 0.27058825 0.07450981 -3.95798656E8 2.805124E7 160.0 
Circle 0.54509807 0.27058825 0.07450981 -3.9579832E8 2.8051224E7 160.0 
Circle 0.54509807 0.27058825 0.07450981 -3.95798016E8 2.8051224E7 160.0 
Circle 0.54509807 0.27058825 0.07450981 -3.95797648E8 2.8051224E7 160.0 
Circle 0.54509807 0.27058825 0.07450981 -3.9579728E8 2.8051224E7 160.0 
Circle 0.54509807 0.27058825 0.07450981 -3.95796976E8 2.8051224E7 160.0 
Rect 0.7529412 0.7529412 0.7529412 -3.95798208E8 2.8050264E7 -3.9579708E8 2.8050744E7 0.0 
Rect 1.0 1.0 1.0 -3.95798152E8 2.805032E7 -3.95797144E8 2.805068E7 0.0 
Rect 0.54509807 0.27058825 0.07450981 -3.9581608E8 2.8057736E7 -3.95813496E8 2.8059528E7 0.0 
Rect 0.54509807 0.27058825 0.07450981 -3.95813616E8 2.805804E7 -3.95813376E8 2.8058512E7 0.0 
Rect 0.52156866 0.36862746 0.25882354 -3.95815952E8 2.8057848E7 -3.9581364E8 2.8059392E7 0.0 
Circle 1.0 1.0 0.0 -3.95813136E8 2.8058184E7 240.0 
Circle 1.0 1.0 0.0 -3.95812864E8 2.8058376E7 240.0 
Circle 1.0 1.0 0.0 -3.95812552E8 2.80582E7 240.0 
Circle 1.0 1.0 0.0 -3.95812216E8 2.8058488E7 240.0 
Circle 1.0 1.0 0.0 -3.95812264E8 2.8058144E7 240.0 
Rect 1.0 0.0 0.0 -3.95815899E8 2.8058799E7 -3.95815619E8 2.8059327E7 0.0 
Rect 0.6509804 0.5019608 0.39215687 -3.95815167E8 2.8057915E7 -3.95814627E8 2.8058171E7 0.0 
Circle 0.0 0.0 1.0 -3.95814799E8 2.8057964E7 20.0 
Circle 0.0 0.0 1.0 -3.95814802E8 2.8057963E7 30.0 
Rect 1.0 1.0 1.0 -3.95814971E8 2.8057992E7 -3.95814907E8 2.8058083E7 0.0 
Rect 0.0 0.0 0.0 -3.95814941E8 2.8058272E7 -3.95814919E8 2.8058304E7 0.0 
Circle 0.0 0.0 1.0 -3.95814931E8 2.805823E7 100.0 
Rect 0.0 0.0 1.0 -3.95814967E8 2.8058288E7 -3.95814893E8 2.8058318E7 0.0 
Circle 0.0 0.0 1.0 -3.958148935E8 2.8058303E7 30.0 
Circle 0.0 0.0 1.0 -3.958149665E8 2.8058303E7 30.0 
