Circle 0.0 0.0 1.0 -7168.0 -18432.0 194560.0 
Circle 0.0 1.0 0.0 -13824.0 -31232.0 35840.0 
Circle 0.0 1.0 0.0 3584.0 -10240.0 35840.0 
Circle 0.0 1.0 0.0 -26624.0 -6144.0 35840.0 
Circle 0.0 1.0 0.0 14336.0 -41472.0 35840.0 
Circle 0.0 1.0 0.0 -13824.0 9216.0 35840.0 
Circle 0.0 1.0 0.0 13312.0 -25600.0 35840.0 
Circle 0.0 1.0 0.0 -6144.0 -47104.0 35840.0 
Circle 0.0 1.0 0.0 -31744.0 -23040.0 35840.0 
Circle 0.0 1.0 0.0 -2816.0 0.0 17920.0 
Circle 0.0 1.0 0.0 -2560.0 0.0 17920.0 
Circle 0.0 1.0 0.0 -1536.0 1024.0 17920.0 
Circle 0.0 1.0 0.0 1536.0 4096.0 17920.0 
Circle 0.0 1.0 0.0 -27136.0 7936.0 17920.0 
Circle 0.0 1.0 0.0 -38144.0 -14592.0 17920.0 
Circle 0.0 1.0 0.0 -54400.0 -64000.0 1280.0 
Circle 0.0 1.0 0.0 -54272.0 -64384.0 1280.0 
Circle 0.0 1.0 0.0 -54016.0 -64384.0 1280.0 
Circle 0.0 1.0 0.0 -53888.0 -65024.0 1280.0 
Circle 0.0 1.0 0.0 -53376.0 -65024.0 1280.0 
Circle 0.0 1.0 0.0 -53120.0 -65152.0 1280.0 
Circle 0.0 1.0 0.0 -52864.0 -65536.0 1280.0 
Circle 0.0 1.0 0.0 -53760.0 -64896.0 1280.0 
Circle 0.0 1.0 0.0 -54016.0 -64384.0 1280.0 
Circle 0.0 1.0 0.0 -54272.0 -63488.0 1280.0 
Circle 0.0 1.0 0.0 -54528.0 -63232.0 1280.0 
Circle 0.0 0.0 1.0 -38336.0 8960.0 1280.0 
Circle 0.0 0.0 1.0 -38336.0 8960.0 1280.0 
Circle 0.0 0.0 1.0 -38336.0 8960.0 1280.0 
Circle 0.0 0.0 1.0 -38336.0 8960.0 1280.0 
Circle 0.0 0.0 1.0 -38336.0 8960.0 1280.0 
Circle 0.0 0.0 1.0 -38336.0 8960.0 1280.0 
Circle 0.0 0.0 1.0 -38336.0 8960.0 1280.0 
Circle 0.0 0.0 1.0 -38336.0 8960.0 1280.0 
Circle 0.0 0.0 1.0 -38336.0 8960.0 1280.0 
Circle 0.0 0.0 1.0 -38336.0 8960.0 1280.0 
Circle 0.0 0.0 1.0 -38336.0 8960.0 1280.0 
Circle 0.0 0.0 1.0 -38336.0 8960.0 1280.0 
Circle 0.0 0.0 1.0 -38336.0 8960.0 1280.0 
Circle 0.0 0.0 1.0 -38336.0 8960.0 1280.0 
Circle 0.0 0.0 1.0 -38336.0 8960.0 1280.0 
Circle 0.0 0.0 1.0 -38336.0 8960.0 1280.0 
Circle 0.0 0.0 1.0 -38336.0 8960.0 1280.0 
Circle 0.0 0.0 1.0 -38336.0 8960.0 1280.0 
Circle 0.0 0.0 1.0 -38336.0 8960.0 1280.0 
Circle 0.0 0.0 1.0 -38336.0 8960.0 1280.0 
Circle 0.0 0.0 1.0 -38336.0 8960.0 1280.0 
Circle 0.0 0.0 1.0 -38336.0 8960.0 1280.0 
Circle 0.0 0.0 1.0 -38336.0 8960.0 1280.0 
Circle 0.0 0.0 1.0 -38336.0 8960.0 1280.0 
Circle 0.0 0.0 1.0 -38336.0 8960.0 1280.0 
Circle 0.0 0.0 1.0 -38336.0 8960.0 1280.0 
Circle 0.0 0.0 1.0 -38336.0 8960.0 1280.0 
Circle 0.0 0.0 1.0 -38336.0 8960.0 1280.0 
Circle 0.0 0.0 1.0 -38336.0 8960.0 1280.0 
Circle 0.0 0.0 1.0 -38336.0 8960.0 1280.0 
Circle 0.0 0.0 1.0 -38336.0 8960.0 1280.0 
Circle 0.0 0.0 1.0 -38336.0 8960.0 1280.0 
Circle 0.0 0.0 1.0 -38336.0 8960.0 1280.0 
Circle 0.0 0.0 1.0 -38464.0 8960.0 1280.0 
Circle 0.0 0.0 1.0 -38464.0 8960.0 1280.0 
Circle 0.0 0.0 1.0 -38464.0 8960.0 1280.0 
Circle 0.0 0.0 1.0 -38592.0 8960.0 1280.0 
Circle 0.0 0.0 1.0 -38592.0 8832.0 1280.0 
Circle 0.0 0.0 1.0 -38592.0 8576.0 1280.0 
Circle 0.0 0.0 1.0 -38592.0 8576.0 1280.0 
Circle 0.0 0.0 1.0 -38592.0 8448.0 1280.0 
Circle 0.0 0.0 1.0 -38592.0 8192.0 1280.0 
Circle 0.0 0.0 1.0 -38592.0 8064.0 1280.0 
Circle 0.0 0.0 1.0 -38464.0 8064.0 1280.0 
Circle 0.0 0.0 1.0 -38464.0 7936.0 1280.0 
Circle 0.0 0.0 1.0 -38336.0 7936.0 1280.0 
Circle 0.0 0.0 1.0 -38208.0 7808.0 1280.0 
Circle 0.0 0.0 1.0 -38208.0 7808.0 1280.0 
Circle 0.0 0.0 1.0 -38080.0 7680.0 1280.0 
Circle 0.0 0.0 1.0 -38080.0 7552.0 1280.0 
Circle 0.0 0.0 1.0 -37952.0 7424.0 1280.0 
Circle 0.0 0.0 1.0 -37952.0 7424.0 1280.0 
Circle 0.0 0.0 1.0 -37952.0 7424.0 1280.0 
Circle 0.0 0.0 1.0 -37952.0 7296.0 1280.0 
Circle 0.0 0.0 1.0 -37952.0 7296.0 1280.0 
Circle 0.0 0.0 1.0 -37696.0 7168.0 1280.0 
Circle 0.0 0.0 1.0 -37696.0 7040.0 1280.0 
Circle 0.0 0.0 1.0 -37696.0 6912.0 1280.0 
Circle 0.0 0.0 1.0 -37568.0 6912.0 1280.0 
Circle 0.0 0.0 1.0 -37568.0 6912.0 1280.0 
Circle 0.0 0.0 1.0 -37568.0 6912.0 1280.0 
Circle 0.0 0.0 1.0 -37568.0 6912.0 1280.0 
Circle 0.0 0.0 1.0 -37568.0 6912.0 1280.0 
Circle 0.0 0.0 1.0 -37440.0 6656.0 1280.0 
Circle 0.0 0.0 1.0 -37440.0 6656.0 1280.0 
Circle 0.0 0.0 1.0 -37440.0 6656.0 1280.0 
Circle 0.0 0.0 1.0 -37440.0 6528.0 1280.0 
Circle 0.0 0.0 1.0 -37440.0 6528.0 1280.0 
Circle 0.0 0.0 1.0 -37312.0 6400.0 1280.0 
Circle 0.0 0.0 1.0 -37312.0 6400.0 1280.0 
Circle 0.0 0.0 1.0 -37312.0 6400.0 1280.0 
Circle 0.0 0.0 1.0 -37056.0 6144.0 1280.0 
Circle 0.0 0.0 1.0 -37056.0 6144.0 1280.0 
Circle 0.0 0.0 1.0 -37056.0 6016.0 1280.0 
Circle 0.0 0.0 1.0 -37056.0 6016.0 1280.0 
Circle 0.0 0.0 1.0 -36928.0 5888.0 1280.0 
Circle 0.0 0.0 1.0 -36928.0 5888.0 1280.0 
Circle 0.0 0.0 1.0 -36928.0 5888.0 1280.0 
Circle 0.0 0.0 1.0 -36928.0 5632.0 1280.0 
Circle 0.0 0.0 1.0 -36800.0 5632.0 1280.0 
Circle 0.0 0.0 1.0 -36800.0 5504.0 1280.0 
Circle 0.0 0.0 1.0 -36800.0 5504.0 1280.0 
Circle 0.0 0.0 1.0 -36800.0 5504.0 1280.0 
Circle 0.0 0.0 1.0 -36800.0 5376.0 1280.0 
Circle 0.0 0.0 1.0 -36544.0 5248.0 1280.0 
Circle 0.0 0.0 1.0 -36544.0 5248.0 1280.0 
Circle 0.0 0.0 1.0 -36544.0 4992.0 1280.0 
Circle 0.0 0.0 1.0 -36544.0 4992.0 1280.0 
Circle 0.0 0.0 1.0 -36416.0 4864.0 1280.0 
Circle 0.0 0.0 1.0 -36416.0 4864.0 1280.0 
Circle 0.0 0.0 1.0 -36416.0 4608.0 1280.0 
Circle 0.0 0.0 1.0 -36416.0 4608.0 1280.0 
Circle 0.0 0.0 1.0 -36416.0 4608.0 1280.0 
Circle 0.0 0.0 1.0 -36416.0 4480.0 1280.0 
Circle 0.0 0.0 1.0 -36416.0 4480.0 1280.0 
Circle 0.0 0.0 1.0 -36288.0 4352.0 1280.0 
Circle 0.0 0.0 1.0 -36288.0 4224.0 1280.0 
Circle 0.0 0.0 1.0 -36288.0 4224.0 1280.0 
Circle 0.0 0.0 1.0 -36288.0 4224.0 1280.0 
Circle 0.0 0.0 1.0 -36288.0 4096.0 1280.0 
Circle 0.0 0.0 1.0 -36288.0 3840.0 1280.0 
Circle 0.0 0.0 1.0 -36288.0 3840.0 1280.0 
Circle 0.0 0.0 1.0 -36160.0 3584.0 1280.0 
Circle 0.0 0.0 1.0 -36160.0 3584.0 1280.0 
Circle 0.0 0.0 1.0 -36032.0 3456.0 1280.0 
Circle 0.0 0.0 1.0 -36032.0 3456.0 1280.0 
Circle 0.0 0.0 1.0 -35904.0 3328.0 1280.0 
Circle 0.0 0.0 1.0 -35776.0 3072.0 1280.0 
Circle 0.0 0.0 1.0 -35648.0 2944.0 1280.0 
Circle 0.0 0.0 1.0 -35520.0 2688.0 1280.0 
Circle 0.0 0.0 1.0 -35392.0 2432.0 1280.0 
Circle 0.0 0.0 1.0 -35392.0 2432.0 1280.0 
Circle 0.0 0.0 1.0 -35392.0 2432.0 1280.0 
Circle 0.0 0.0 1.0 -35392.0 2432.0 1280.0 
Circle 0.0 0.0 1.0 -35264.0 2304.0 1280.0 
Circle 0.0 0.0 1.0 -35008.0 1920.0 1280.0 
Circle 0.0 0.0 1.0 -35008.0 1920.0 1280.0 
Circle 0.0 0.0 1.0 -34880.0 1664.0 1280.0 
Circle 0.0 0.0 1.0 -34880.0 1536.0 1280.0 
Circle 0.0 0.0 1.0 -34752.0 1536.0 1280.0 
Circle 0.0 0.0 1.0 -34624.0 1280.0 1280.0 
Circle 0.0 0.0 1.0 -34496.0 1280.0 1280.0 
Circle 0.0 0.0 1.0 -34368.0 1024.0 1280.0 
Circle 0.0 0.0 1.0 -34240.0 1024.0 1280.0 
Circle 0.0 0.0 1.0 -34112.0 896.0 1280.0 
Circle 0.0 0.0 1.0 -33984.0 896.0 1280.0 
Circle 0.0 0.0 1.0 -33856.0 640.0 1280.0 
Circle 0.0 0.0 1.0 -33600.0 640.0 1280.0 
Circle 0.0 0.0 1.0 -33344.0 384.0 1280.0 
Circle 0.0 0.0 1.0 -33088.0 128.0 1280.0 
Circle 0.0 0.0 1.0 -33088.0 128.0 1280.0 
Circle 0.0 0.0 1.0 -33088.0 128.0 1280.0 
Circle 0.0 0.0 1.0 -33088.0 128.0 1280.0 
Circle 0.0 0.0 1.0 -32960.0 128.0 1280.0 
Circle 0.0 0.0 1.0 -32704.0 0.0 1280.0 
Circle 0.0 0.0 1.0 -32704.0 0.0 1280.0 
Circle 0.0 0.0 1.0 -32704.0 0.0 1280.0 
Circle 0.0 0.0 1.0 -32576.0 0.0 1280.0 
Circle 0.0 0.0 1.0 -32448.0 -128.0 1280.0 
Circle 0.0 0.0 1.0 -32448.0 -128.0 1280.0 
Circle 0.0 0.0 1.0 -32448.0 -128.0 1280.0 
Circle 0.0 0.0 1.0 -32448.0 -128.0 1280.0 
Circle 0.0 0.0 1.0 -32320.0 -384.0 1280.0 
Circle 0.0 0.0 1.0 -32064.0 -384.0 1280.0 
Circle 0.0 0.0 1.0 -31936.0 -384.0 1280.0 
Circle 0.0 0.0 1.0 -31552.0 -384.0 1280.0 
Circle 0.0 0.0 1.0 -31296.0 -512.0 1280.0 
Circle 0.0 0.0 1.0 -31168.0 -512.0 1280.0 
Circle 0.0 0.0 1.0 -30784.0 -768.0 1280.0 
Circle 0.0 0.0 1.0 -30784.0 -768.0 1280.0 
Circle 0.0 0.0 1.0 -30656.0 -768.0 1280.0 
Circle 0.0 0.0 1.0 -30528.0 -896.0 1280.0 
Circle 0.0 0.0 1.0 -30272.0 -1024.0 1280.0 
Circle 0.0 0.0 1.0 -30144.0 -1024.0 1280.0 
Circle 0.0 0.0 1.0 -30016.0 -1152.0 1280.0 
Circle 0.0 0.0 1.0 -29888.0 -1280.0 1280.0 
Circle 0.0 0.0 1.0 -29632.0 -1408.0 1280.0 
Circle 0.0 0.0 1.0 -29504.0 -1536.0 1280.0 
Circle 0.0 0.0 1.0 -29376.0 -1536.0 1280.0 
Circle 0.0 0.0 1.0 -29376.0 -1536.0 1280.0 
Circle 0.0 0.0 1.0 -29376.0 -1664.0 1280.0 
Circle 0.0 0.0 1.0 -29120.0 -1792.0 1280.0 
Circle 0.0 0.0 1.0 -29120.0 -1792.0 1280.0 
Circle 0.0 0.0 1.0 -28992.0 -1792.0 1280.0 
Circle 0.0 0.0 1.0 -28864.0 -2048.0 1280.0 
Circle 0.0 0.0 1.0 -28864.0 -2048.0 1280.0 
Circle 0.0 0.0 1.0 -28864.0 -2048.0 1280.0 
Circle 0.0 0.0 1.0 -28736.0 -2176.0 1280.0 
Circle 0.0 0.0 1.0 -28480.0 -2432.0 1280.0 
Circle 0.0 0.0 1.0 -28480.0 -2432.0 1280.0 
Circle 0.0 0.0 1.0 -28352.0 -2560.0 1280.0 
Circle 0.0 0.0 1.0 -28096.0 -2688.0 1280.0 
Circle 0.0 0.0 1.0 -27840.0 -2944.0 1280.0 
Circle 0.0 0.0 1.0 -27584.0 -3072.0 1280.0 
Circle 0.0 0.0 1.0 -27584.0 -3072.0 1280.0 
Circle 0.0 0.0 1.0 -27584.0 -3072.0 1280.0 
Circle 0.0 0.0 1.0 -27456.0 -3200.0 1280.0 
Circle 0.0 0.0 1.0 -27328.0 -3328.0 1280.0 
Circle 0.0 0.0 1.0 -27200.0 -3584.0 1280.0 
Circle 0.0 0.0 1.0 -26944.0 -3840.0 1280.0 
Circle 0.0 0.0 1.0 -26944.0 -4096.0 1280.0 
Circle 0.0 0.0 1.0 -26560.0 -4352.0 1280.0 
Circle 0.0 0.0 1.0 -26304.0 -4736.0 1280.0 
Circle 0.0 0.0 1.0 -26304.0 -4992.0 1280.0 
Circle 0.0 0.0 1.0 -26048.0 -5120.0 1280.0 
Circle 0.0 0.0 1.0 -25920.0 -5504.0 1280.0 
Circle 0.0 0.0 1.0 -25664.0 -5760.0 1280.0 
Circle 0.0 0.0 1.0 -25664.0 -5760.0 1280.0 
Circle 0.0 0.0 1.0 -25664.0 -5760.0 1280.0 
Circle 0.0 0.0 1.0 -25536.0 -6144.0 1280.0 
Circle 0.0 0.0 1.0 -25536.0 -6144.0 1280.0 
Circle 0.0 0.0 1.0 -25536.0 -6144.0 1280.0 
Circle 0.0 0.0 1.0 -25536.0 -6144.0 1280.0 
Circle 0.0 0.0 1.0 -25408.0 -6272.0 1280.0 
Circle 0.0 0.0 1.0 -25408.0 -6400.0 1280.0 
Circle 0.0 0.0 1.0 -25280.0 -6528.0 1280.0 
Circle 0.0 0.0 1.0 -25024.0 -6784.0 1280.0 
Circle 0.0 0.0 1.0 -25024.0 -7040.0 1280.0 
Circle 0.0 0.0 1.0 -25024.0 -7040.0 1280.0 
Circle 0.0 0.0 1.0 -24896.0 -7168.0 1280.0 
Circle 0.0 0.0 1.0 -24896.0 -7296.0 1280.0 
Circle 0.0 0.0 1.0 -24896.0 -7424.0 1280.0 
Circle 0.0 0.0 1.0 -24896.0 -7424.0 1280.0 
Circle 0.0 0.0 1.0 -24896.0 -7552.0 1280.0 
Circle 0.0 0.0 1.0 -24768.0 -7552.0 1280.0 
Circle 0.0 0.0 1.0 -24640.0 -7680.0 1280.0 
Circle 0.0 0.0 1.0 -24512.0 -7808.0 1280.0 
Circle 0.0 0.0 1.0 -24384.0 -7936.0 1280.0 
Circle 0.0 0.0 1.0 -24384.0 -7936.0 1280.0 
Circle 0.0 0.0 1.0 -24256.0 -8320.0 1280.0 
Circle 0.0 0.0 1.0 -24000.0 -8320.0 1280.0 
Circle 0.0 0.0 1.0 -24000.0 -8320.0 1280.0 
Circle 0.0 0.0 1.0 -23872.0 -8448.0 1280.0 
Circle 0.0 0.0 1.0 -23872.0 -8448.0 1280.0 
Circle 0.0 0.0 1.0 -23744.0 -8576.0 1280.0 
Circle 0.0 0.0 1.0 -23744.0 -8576.0 1280.0 
Circle 0.0 0.0 1.0 -23744.0 -8576.0 1280.0 
Circle 0.0 0.0 1.0 -23616.0 -8576.0 1280.0 
Circle 0.0 0.0 1.0 -23488.0 -8576.0 1280.0 
Circle 0.0 0.0 1.0 -23104.0 -8704.0 1280.0 
Circle 0.0 0.0 1.0 -22976.0 -8704.0 1280.0 
Circle 0.0 0.0 1.0 -22592.0 -8704.0 1280.0 
Circle 0.0 0.0 1.0 -22464.0 -8704.0 1280.0 
Circle 0.0 0.0 1.0 -22080.0 -8960.0 1280.0 
Circle 0.0 0.0 1.0 -22080.0 -8960.0 1280.0 
Circle 0.0 0.0 1.0 -21952.0 -8960.0 1280.0 
Circle 0.0 0.0 1.0 -21952.0 -8960.0 1280.0 
Circle 0.0 0.0 1.0 -21952.0 -8960.0 1280.0 
Circle 0.0 0.0 1.0 -21824.0 -8960.0 1280.0 
Circle 0.0 0.0 1.0 -21568.0 -8960.0 1280.0 
Circle 0.0 0.0 1.0 -21312.0 -9088.0 1280.0 
Circle 0.0 0.0 1.0 -21312.0 -9088.0 1280.0 
Circle 0.0 0.0 1.0 -20928.0 -9472.0 1280.0 
Circle 0.0 0.0 1.0 -20928.0 -9472.0 1280.0 
Circle 0.0 0.0 1.0 -20544.0 -9728.0 1280.0 
Circle 0.0 0.0 1.0 -20416.0 -9728.0 1280.0 
Circle 0.0 0.0 1.0 -20288.0 -9856.0 1280.0 
Circle 0.0 0.0 1.0 -20160.0 -9856.0 1280.0 
Circle 0.0 0.0 1.0 -20032.0 -9984.0 1280.0 
Circle 0.0 0.0 1.0 -20032.0 -9984.0 1280.0 
Circle 0.0 0.0 1.0 -19904.0 -10112.0 1280.0 
Circle 0.0 0.0 1.0 -19904.0 -10240.0 1280.0 
Circle 0.0 0.0 1.0 -19520.0 -10368.0 1280.0 
Circle 0.0 0.0 1.0 -19520.0 -10368.0 1280.0 
Circle 0.0 0.0 1.0 -19264.0 -10624.0 1280.0 
Circle 0.0 0.0 1.0 -19136.0 -10752.0 1280.0 
Circle 0.0 0.0 1.0 -19008.0 -10880.0 1280.0 
Circle 0.0 0.0 1.0 -19008.0 -10880.0 1280.0 
Circle 0.0 0.0 1.0 -18880.0 -11008.0 1280.0 
Circle 0.0 0.0 1.0 -18880.0 -11264.0 1280.0 
Circle 0.0 0.0 1.0 -18880.0 -11264.0 1280.0 
Circle 0.0 0.0 1.0 -18624.0 -11520.0 1280.0 
Circle 0.0 0.0 1.0 -18368.0 -11648.0 1280.0 
Circle 0.0 0.0 1.0 -18240.0 -11904.0 1280.0 
Circle 0.0 0.0 1.0 -18240.0 -11904.0 1280.0 
Circle 0.0 0.0 1.0 -18240.0 -11904.0 1280.0 
Circle 0.0 0.0 1.0 -18112.0 -12032.0 1280.0 
Circle 0.0 0.0 1.0 -18112.0 -12032.0 1280.0 
Circle 0.0 0.0 1.0 -17856.0 -12416.0 1280.0 
Circle 0.0 0.0 1.0 -17856.0 -12416.0 1280.0 
Circle 0.0 0.0 1.0 -17728.0 -12544.0 1280.0 
Circle 0.0 0.0 1.0 -17728.0 -12544.0 1280.0 
Circle 0.0 0.0 1.0 -17600.0 -12800.0 1280.0 
Circle 0.0 0.0 1.0 -17600.0 -12800.0 1280.0 
Circle 0.0 0.0 1.0 -17600.0 -12800.0 1280.0 
Circle 0.0 0.0 1.0 -17600.0 -12800.0 1280.0 
Circle 0.0 0.0 1.0 -17600.0 -12800.0 1280.0 
Circle 0.0 0.0 1.0 -17472.0 -12800.0 1280.0 
Circle 0.0 0.0 1.0 -17344.0 -12928.0 1280.0 
Circle 0.0 0.0 1.0 -17344.0 -12928.0 1280.0 
Circle 0.0 0.0 1.0 -17344.0 -12928.0 1280.0 
Circle 0.0 0.0 1.0 -17344.0 -12928.0 1280.0 
Circle 0.0 0.0 1.0 -17344.0 -12928.0 1280.0 
Circle 0.0 0.0 1.0 -17344.0 -12928.0 1280.0 
Circle 0.0 0.0 1.0 -17344.0 -12928.0 1280.0 
Circle 0.0 0.0 1.0 -17344.0 -12928.0 1280.0 
Circle 0.0 0.0 1.0 -17344.0 -12928.0 1280.0 
Circle 0.0 1.0 0.0 -34012.25000003446 583.2499999217689 9.313225746154785E-9 
Circle 0.0 1.0 0.0 -34012.250000150874 583.2499998761341 9.313225746154785E-9 
Circle 0.0 1.0 0.0 -34012.250000129454 583.249999968335 9.313225746154785E-9 
Circle 0.0 1.0 0.0 -34012.250000034255 583.2499999211286 2.9103830456733704E-10 
Circle 0.0 1.0 0.0 -34012.25000002619 583.2499999268039 5.820766091346741E-10 
Circle 0.0 1.0 0.0 -34012.25000003667 583.2499999291322 5.820766091346741E-10 
Rect 1.0 1.0 1.0 -1776.0 -1152.0 -128.0 -144.0 0.0 
Rect 1.0 0.0 0.0 -1668.0 -1052.0 -204.0 -220.0 0.0 
Rect 1.0 0.78431374 0.0 -1667.5 -663.75 -1523.0 -659.75 0.0 
Rect 1.0 0.78431374 0.0 -1402.5 -903.25 -1152.5 -805.25 0.0 
Rect 1.0 0.78431374 0.0 -984.5 -847.25 -690.5 -835.25 0.0 
Line 1.0 0.78431374 0.0 -670.5 -793.25 -926.5 -437.25 0.0 
Line 1.0 0.78431374 0.0 -452.5 -815.25 -1142.5 -573.25 0.0 
Circle 1.0 0.78431374 0.0 -568.5 -507.25 20.0 
Circle 1.0 0.78431374 0.0 -828.5 -491.25 20.0 
Circle 1.0 0.78431374 0.0 -1132.5 -565.25 20.0 
Circle 1.0 0.78431374 0.0 -1068.5 -769.25 20.0 
Circle 1.0 0.78431374 0.0 -552.5 -589.25 140.0 
