Circle 0.0 0.0 1.0 0.0 0.0 1.073741824E10 
Circle 0.0 1.0 0.0 1.00663296E8 -2.130706432E9 3.3554432E8 
Circle 0.0 1.0 0.0 -3.3554432E7 -1.979711488E9 3.3554432E8 
Circle 0.0 1.0 0.0 -3.3554432E8 -1.728053248E9 3.3554432E8 
Circle 0.0 1.0 0.0 -2.18103808E8 -1.84549376E9 3.3554432E8 
Circle 0.0 1.0 0.0 -5.53648128E8 -1.409286144E9 3.3554432E8 
Circle 0.0 1.0 0.0 -4.86539264E8 -1.610612736E9 3.3554432E8 
Circle 0.0 1.0 0.0 -1.76160768E9 -1.610612736E9 1.00663296E9 
Circle 0.0 1.0 0.0 -7.71751936E8 -1.946157056E9 1.00663296E9 
Circle 0.0 1.0 0.0 -4.36207616E8 -2.332033024E9 1.00663296E9 
Circle 0.0 1.0 0.0 -1.291845632E9 -1.560281088E9 1.00663296E9 
Circle 0.0 1.0 0.0 -1.207959552E9 -9.2274688E8 1.00663296E9 
Circle 0.0 1.0 0.0 -8.72415232E8 -1.409286144E9 1.00663296E9 
Circle 0.0 1.0 0.0 -1.778384896E9 -5.53648128E8 1.00663296E9 
Circle 0.0 1.0 0.0 -1.577058304E9 6.7108864E7 1.00663296E9 
Circle 0.0 1.0 0.0 -1.140850688E9 -5.36870912E8 1.00663296E9 
Circle 0.0 1.0 0.0 -2.399141888E9 -1.207959552E9 1.00663296E9 
Circle 0.0 1.0 0.0 -1.694498816E9 -1.17440512E9 1.00663296E9 
Circle 0.0 1.0 0.0 -2.449473536E9 -1.711276032E9 1.00663296E9 
Circle 0.0 1.0 0.0 -2.197815296E9 -2.332033024E9 1.00663296E9 
Circle 0.0 1.0 0.0 -1.42606336E9 -2.130706432E9 1.00663296E9 
Circle 0.0 1.0 0.0 -1.442840576E9 -2.818572288E9 1.00663296E9 
Circle 0.0 1.0 0.0 -1.040187392E9 -2.734686208E9 1.00663296E9 
Circle 0.0 1.0 0.0 -1.828716544E9 6.37534208E8 1.00663296E9 
Circle 0.0 1.0 0.0 -1.828716544E9 1.023410176E9 1.00663296E9 
Circle 0.0 1.0 0.0 -1.694498816E9 1.34217728E9 1.00663296E9 
Circle 0.0 1.0 0.0 -1.795162112E9 1.6777216E9 5.0331648E8 
Circle 0.0 1.0 0.0 -1.6777216E9 1.828716544E9 5.0331648E8 
Circle 0.0 1.0 0.0 -1.392508928E9 1.795162112E9 5.0331648E8 
Circle 0.0 1.0 0.0 -2.113929216E9 1.17440512E8 5.0331648E8 
Circle 0.0 1.0 0.0 -2.248146944E9 -2.34881024E8 5.0331648E8 
Circle 0.0 1.0 0.0 -2.34881024E9 -5.8720256E8 5.0331648E8 
Circle 0.0 1.0 0.0 -2.499805184E9 -8.05306368E8 5.0331648E8 
Circle 0.0 1.0 0.0 -2.717908992E9 -1.76160768E9 5.0331648E8 
Circle 0.0 1.0 0.0 -2.717908992E9 -2.315255808E9 5.0331648E8 
Circle 0.0 1.0 0.0 -2.382364672E9 -2.717908992E9 5.0331648E8 
Circle 0.0 1.0 0.0 -2.113929216E9 -2.969567232E9 5.0331648E8 
Circle 0.0 1.0 0.0 -2.01326592E9 -3.137339392E9 5.0331648E8 
Circle 0.0 1.0 0.0 -1.76160768E9 -3.288334336E9 5.0331648E8 
Circle 0.0 1.0 0.0 -1.291845632E9 1.92937984E9 5.0331648E8 
Circle 0.0 1.0 0.0 -1.291845632E9 2.080374784E9 5.0331648E8 
Circle 0.0 1.0 0.0 -1.2582912E9 2.214592512E9 5.0331648E8 
Circle 0.0 1.0 0.0 4.194304E8 -2.43269632E9 1.6777216E8 
Circle 0.0 1.0 0.0 5.8720256E8 -2.60046848E9 1.6777216E8 
Circle 0.0 1.0 0.0 6.54311424E8 -2.60046848E9 1.6777216E8 
Circle 0.0 1.0 0.0 5.70425344E8 -2.5165824E9 1.6777216E8 
Circle 0.0 1.0 0.0 4.86539264E8 -2.5165824E9 1.6777216E8 
Circle 0.0 1.0 0.0 6.03979776E8 -2.952790016E9 1.6777216E8 
Circle 0.0 1.0 0.0 4.194304E8 -2.969567232E9 1.6777216E8 
Circle 0.0 1.0 0.0 2.68435456E8 -3.087007744E9 1.6777216E8 
Circle 0.0 1.0 0.0 3.18767104E8 -3.01989888E9 1.6777216E8 
Circle 0.0 1.0 0.0 6.20756992E8 -2.986344448E9 1.6777216E8 
Circle 0.0 1.0 0.0 5.70425344E8 -2.986344448E9 1.6777216E8 
Circle 0.0 1.0 0.0 3.69098752E8 -2.986344448E9 1.6777216E8 
Circle 0.0 1.0 0.0 3.69098752E8 -3.154116608E9 1.6777216E8 
Circle 0.0 1.0 0.0 4.86539264E8 -3.01989888E9 1.6777216E8 
Circle 0.0 1.0 0.0 4.69762048E8 -3.070230528E9 1.6777216E8 
Circle 0.0 1.0 0.0 3.3554432E8 -3.070230528E9 1.6777216E8 
Circle 0.0 1.0 0.0 5.0331648E8 -3.003121664E9 1.6777216E8 
Circle 0.0 1.0 0.0 8.55638016E8 -4.093640704E9 1.6777216E8 
Circle 0.0 1.0 0.0 9.56301312E8 -3.925868544E9 1.6777216E8 
Circle 0.0 1.0 0.0 2.533359616E9 -2.449473536E9 1.17440512E9 
Circle 0.0 1.0 0.0 3.10378496E9 -1.610612736E9 1.17440512E9 
Circle 0.0 1.0 0.0 3.372220416E9 -1.140850688E9 1.17440512E9 
Circle 0.0 1.0 0.0 3.590324224E9 -6.7108864E8 1.17440512E9 
Circle 0.0 1.0 0.0 3.875536896E9 2.85212672E8 1.17440512E9 
Circle 0.0 1.0 0.0 3.85875968E9 8.05306368E8 1.17440512E9 
Circle 0.0 1.0 0.0 3.724541952E9 1.409286144E9 1.17440512E9 
Circle 0.0 1.0 0.0 3.640655872E9 -4.86539264E8 1.17440512E9 
Circle 0.0 1.0 0.0 3.707764736E9 -1.140850688E9 1.17440512E9 
Circle 0.0 1.0 0.0 3.489660928E9 -1.84549376E9 1.17440512E9 
Circle 0.0 1.0 0.0 2.885681152E9 -2.332033024E9 1.17440512E9 
Circle 0.0 1.0 0.0 2.533359616E9 -2.617245696E9 1.17440512E9 
Circle 0.0 1.0 0.0 2.080374784E9 -3.137339392E9 1.17440512E9 
Circle 0.0 1.0 0.0 2.130706432E9 -3.321888768E9 1.17440512E9 
Circle 0.0 1.0 0.0 3.10378496E9 -3.036676096E9 1.17440512E9 
Circle 0.0 1.0 0.0 3.372220416E9 -2.734686208E9 1.17440512E9 
Circle 0.0 1.0 0.0 3.657433088E9 -1.627389952E9 1.17440512E9 
Circle 0.0 1.0 0.0 4.127195136E9 -8.22083584E8 1.17440512E9 
Circle 0.0 1.0 0.0 4.227858432E9 5.0331648E7 1.17440512E9 
Circle 0.0 1.0 0.0 4.194304E9 9.39524096E8 1.17440512E9 
Circle 0.0 1.0 0.0 4.076863488E9 1.124073472E9 1.17440512E9 
Circle 0.0 1.0 0.0 3.925868544E9 1.543503872E9 1.17440512E9 
Circle 0.0 1.0 0.0 3.85875968E9 1.962934272E9 1.17440512E9 
Circle 0.0 1.0 0.0 5.06462208E8 -2.441084928E9 7.340032E7 
Circle 0.0 1.0 0.0 5.53648128E8 -2.4379392E9 7.340032E7 
Circle 0.0 1.0 0.0 5.24288E8 -2.425356288E9 7.340032E7 
Circle 0.0 1.0 0.0 4.94927872E8 -2.419064832E9 7.340032E7 
Circle 0.0 1.0 0.0 6.56408576E8 -2.523922432E9 7.340032E7 
Circle 0.0 1.0 0.0 6.19708416E8 -2.674917376E9 7.340032E7 
Circle 0.0 1.0 0.0 4.980736E8 -2.604662784E9 7.340032E7 
Circle 0.0 1.0 0.0 4.0370176E8 -2.5165824E9 7.340032E7 
Circle 0.0 1.0 0.0 4.0894464E8 -2.554331136E9 2.097152E7 
Circle 0.0 1.0 0.0 4.62422016E8 -2.601517056E9 2.097152E7 
Circle 0.0 1.0 0.0 4.52984832E8 -2.593128448E9 2.097152E7 
Circle 0.0 1.0 0.0 5.09607936E8 -2.64241152E9 2.097152E7 
Circle 0.0 1.0 0.0 6.91011584E8 -2.52706816E9 2.097152E7 
Circle 0.0 1.0 0.0 6.46971392E8 -2.492465152E9 2.097152E7 
Circle 0.0 1.0 0.0 5.91396864E8 -2.441084928E9 2.097152E7 
Circle 0.0 1.0 0.0 3.49175808E8 -2.384461824E9 1.048576E7 
Circle 0.0 1.0 0.0 3.47078656E8 -2.386034688E9 4.194304E7 
Circle 0.0 1.0 0.0 3.50748672E8 -2.368208896E9 4.194304E7 
Circle 0.0 1.0 0.0 3.61234432E8 -2.362966016E9 4.194304E7 
Circle 0.0 1.0 0.0 3.81157376E8 -2.357198848E9 4.194304E7 
Circle 0.0 1.0 0.0 3.42360064E8 -2.407006208E9 4.194304E7 
Circle 0.0 1.0 0.0 3.31874304E8 -2.372927488E9 4.194304E7 
Circle 0.0 1.0 0.0 3.26107136E8 -2.355625984E9 4.194304E7 
Circle 0.0 1.0 0.0 3.48127232E8 -2.35143168E9 4.194304E7 
Circle 0.0 1.0 0.0 3.11427072E8 -2.347761664E9 2.62144E7 
Circle 0.0 1.0 0.0 3.07232768E8 -2.344091648E9 2.62144E7 
Circle 0.0 1.0 0.0 2.92552704E8 -2.337275904E9 2.097152E7 
Circle 0.0 1.0 0.0 2.82591232E8 -2.333605888E9 1.048576E7 
Circle 0.0 1.0 0.0 2.78921216E8 -2.331508736E9 5242880.0 
Circle 0.0 1.0 0.0 2.768896E8 -2.330525696E9 1310720.0 
Rect 1.0 0.0 0.0 2.76244762E8 -2.33041533E9 2.76245918E8 -2.330413926E9 0.0 
Circle 1.0 1.0 0.0 2.76247044E8 -2.330415386E9 640.0 
Circle 1.0 1.0 0.0 2.7624722E8 -2.330414234E9 640.0 
Circle 1.0 1.0 0.0 2.76245332E8 -2.330415146E9 480.0 
Circle 1.0 1.0 0.0 2.762453E8 -2.330414826E9 480.0 
Circle 1.0 1.0 0.0 2.76245252E8 -2.330414666E9 480.0 
Circle 1.0 1.0 0.0 2.76245268E8 -2.330414586E9 480.0 
Circle 1.0 1.0 0.0 2.76245268E8 -2.330414554E9 480.0 
Circle 1.0 1.0 0.0 2.76245268E8 -2.330414474E9 480.0 
Circle 1.0 1.0 0.0 2.76245268E8 -2.330414474E9 480.0 
Circle 1.0 1.0 0.0 2.76245524E8 -2.330414842E9 160.0 
Circle 1.0 1.0 0.0 2.7624554E8 -2.330414842E9 160.0 
Circle 1.0 1.0 0.0 2.76245636E8 -2.330414778E9 160.0 
Circle 1.0 1.0 0.0 2.76245668E8 -2.33041465E9 160.0 
Circle 1.0 1.0 0.0 2.76245668E8 -2.330414586E9 160.0 
Circle 1.0 1.0 0.0 2.7624506E8 -2.330414858E9 160.0 
Circle 1.0 1.0 0.0 2.76244948E8 -2.330414746E9 160.0 
Circle 1.0 1.0 0.0 2.762449E8 -2.330414714E9 160.0 
Circle 1.0 1.0 0.0 2.7624522E8 -2.330414298E9 160.0 
Circle 1.0 1.0 0.0 2.76245172E8 -2.330414218E9 160.0 
Circle 1.0 1.0 0.0 2.76245092E8 -2.330413962E9 160.0 
Circle 1.0 1.0 0.0 2.76245092E8 -2.330413882E9 160.0 
Circle 1.0 1.0 0.0 2.76245124E8 -2.330414026E9 160.0 
Circle 1.0 1.0 0.0 2.76245172E8 -2.330414122E9 160.0 
Circle 1.0 1.0 0.0 2.76245428E8 -2.330414298E9 160.0 
Circle 1.0 1.0 0.0 2.76245428E8 -2.330414122E9 160.0 
Circle 1.0 1.0 0.0 2.76245412E8 -2.330414234E9 160.0 
Circle 1.0 1.0 0.0 2.76245428E8 -2.33041405E9 160.0 
Circle 1.0 1.0 0.0 2.76245476E8 -2.330413946E9 160.0 
Circle 1.0 1.0 0.0 2.7624484E8 -2.330414642E9 80.0 
